-3.523934653885952e-05	0.6741131086625565
0.1247422945839082	0.6879055247384965
0.12428752240238762	0.6868847461024024
0.12389079091740737	0.6858353503413986
0.12328246119976394	0.6845955193689552
0.1220856273845182	0.6836415751812002
0.12064859364999539	0.6833180391393254
0.118796683493089	0.683611946042231
0.11727506628564821	0.6842311688705927
0.11518473276047474	0.6845010702228431
0.11134457001313587	0.6834977385174329
0.10788759311841073	0.6825111891462261
0.10709032209676764	0.6830703952695059
0.10629644353495157	0.6840270524029737
0.10420111820656172	0.6845434919198159
0.10188148550782225	0.6848536290085019
0.10006128399669907	0.6847885448989863
0.0985356595433686	0.6845979027204221
0.09766155731402557	0.6842873009873551
0.09661825679677832	0.6840193592092909
0.09537620079646983	0.6839562430340024
0.09479817875826818	0.6843093648576943
0.09557410190308355	0.685092221681205
0.09684780930814488	0.6864090994896334
0.09829718536523369	0.6877145440428577
0.10091496438302713	0.6892883078677752
0.1049890959579616	0.6923477601854631
0.10948076296568535	0.6959747468196065
0.11383557860150464	0.6982723040864516
0.11914739789189768	0.7000779293183568
0.1258656336946657	0.7030151124388029
0.1323650463809751	0.705586742973463
0.13654736519870347	0.7055618183602319
0.14136888982820336	0.7051449727856454
0.1500710271917554	0.7071261848261974
0.15904475047882982	0.7091346128057715
0.16441020777895685	0.7092707185894109
0.16862803450687175	0.7096322406486424
0.17449607508724968	0.7117467006285708
0.17927485692606746	0.7132689532200032
0.18097424663005512	0.712505339987663
0.1811404051623287	0.7109961648261274
0.1808497231815814	0.7098499396054366
0.1799840275715214	0.7090840384779183
0.17794485887081812	0.70924532892668
0.17486817144359668	0.7097732108573286
0.17155900115959635	0.7098936782397987
0.16798945140404822	0.7103702553643475
0.16415911663775487	0.7122744592420209
0.15928952304206573	0.7149678152614585
0.15363845441309737	0.7178929967869616
0.14727138067823198	0.7202666243047495
0.13856350611919388	0.7208963604983234
0.12905038175199993	0.7214871396878821
0.12132487438542341	0.7233248631565634
0.11419281823238348	0.7255550695015341
0.10686769956676198	0.7276744770959505
0.09982052465345434	0.7298517779887982
0.09359341963877174	0.7319512122790395
0.08814042527147231	0.7336407605544134
0.08281016213983616	0.7347546424573732
0.07722327380440269	0.7349061244727676
0.0720196485919265	0.733759205394819
0.0679504133457266	0.7319304666391185
0.06467501328519365	0.7302011806540625
0.06183927147366536	0.7283864663015132
0.05965080019557456	0.7263013847823168
0.05726661506794617	0.724064557886637
0.05364134094963324	0.7213297797670359
0.04997115941397007	0.718436989677059
0.04764730770242992	0.7161202735321457
0.045519885414181005	0.7133674306204557
0.04304251952114918	0.7089012819507927
0.04115161536096823	0.7029860329142241
0.040342635671084426	0.6957546144483449
0.04033739849157325	0.688997154425388
0.04098843172475852	0.6849689019919833
0.04109648495064333	0.6824244085562967
0.04052854715218679	0.6808373257084102
0.03989727667311893	0.6795616980155835
0.038995245764899655	0.6775981856590425
0.03805498819420594	0.6751443306786746
0.03673214648516687	0.6726717359457381
0.03506130050029077	0.6709978694144887
0.03488213277684815	0.670986023604346
0.03506580216312849	0.6708222552085742
0.03482310658829901	0.6695369421263028
0.034000946680470934	0.6673378530537282
0.03094642746038312	0.6633818533214005
0.02687052671919321	0.6594386656114009
0.02335679768932497	0.6567236120824396
0.021750351457688666	0.6558166659031068
0.025006525215640618	0.659047520043716
0.029249106916926948	0.6615403648381608
0.030461016719629197	0.6591176629501101
0.030584319835602947	0.6539765769406436
0.02987008872257091	0.6466289710594129
0.02787025923638542	0.6373292046560323
0.022466426030131936	0.6248032835470587
0.01803612143291433	0.613999347749726
0.019841924731157645	0.6112944706051532
0.023680205880552085	0.6123542073136736
0.02751919415689219	0.6149853784790169
0.031115372464235902	0.6193177582895802
0.033648244282908024	0.6241481778223942
0.03539760765248312	0.6278857092132073
0.03731680741640386	0.6288892446169909
0.040825118652966896	0.629258519814948
0.046472365596569976	0.6312591606471702
0.05397466444179666	0.6347096508686959
0.06290796710001434	0.6388885428101996
0.07244762641083025	0.6436568632635515
0.08272411305803518	0.6498846964676759
0.09287551986645215	0.6574317240490457
0.10251187651038296	0.6657233119668609
0.11143370257603058	0.6726699319382037
0.11835654562242426	0.6765851699890268
0.1242391305950088	0.6786657440371735
0.13040585589422715	0.6795664212777535
0.13669193395659307	0.6801332784057043
0.14244652923821488	0.6816178503439007
0.14735783404245661	0.6832977737747157
0.15148605900643441	0.6844310034337198
0.1550077220834032	0.685163170225197
0.1579637090197541	0.6860071655811781
0.16095188264536975	0.6871441084028047
0.16391767611038155	0.6889641594558994
0.16598377731394431	0.6906918710245433
0.16684291702275167	0.6915903780383168
0.16701653674654837	0.6919830891583925
0.16668963418663374	0.6921493655368431
0.16593681858369447	0.6922534156751363
0.16496798338823893	0.692518672188525
0.16360244248412292	0.6928323265643681
0.16214778775425698	0.6933149272599758
0.16154018471563458	0.6938388952207103
0.16158462808996554	0.6944918559715952
0.16191864531853017	0.6949556079581487
0.16207139604177612	0.6952380696583351
0.16129948488005974	0.6955259766013909
0.15951342026952742	0.6958239933254513
0.15672087173923832	0.69548704467309
0.15326912537445914	0.6939872078895453
0.14945956393503845	0.6917214347815702
0.14515820660059497	0.689304464836
0.14041096347692839	0.6860381639686701
0.13495131911942648	0.6809022667756786
0.12826717918882458	0.6735925872712644
0.1215990106522098	0.6629220593403499
0.11691199630287774	0.6505438324914196
0.11489352810967746	0.638387020534676
0.11474186826081834	0.6290024389663583
0.11445433842290242	0.6253957977554672
0.11324910113904352	0.6244596008422939
0.11109356257839176	0.623728820057605
0.10857100856111046	0.6226439283857425
0.10692844187943207	0.6201717443311465
0.1065041583981512	0.617092224361266
0.10642629432350592	0.6140190679142479
0.10624329052331039	0.6113689183938689
0.10603339535089917	0.6093479153965291
0.10605287359204718	0.6075736143571118
0.1058454010358787	0.6062899914489382
0.10554533166611613	0.6052211518561224
0.10536551569626385	0.603565364217032
0.10519833705179193	0.6018177002874299
0.1049810627523664	0.6005176094785892
0.10504954139520484	0.5997596744217685
0.10537336212101822	0.5994832969335472
0.10536946527688063	0.5993554802092431
0.10532131350188356	0.599073417496869
0.10521787452073639	0.5985839866794648
0.10483533043450022	0.5974073302938707
0.10567600420825807	0.5959748352032802
0.10765437602494066	0.594774727086802
0.11060349872213537	0.5956036965211358
0.11416642286340961	0.6009543156236736
0.11653407742837274	0.608292056460398
0.11646027442131279	0.6152225290626407
0.1145457449922409	0.6201568433422711
0.11216559123902536	0.6216382227230818
0.11129217417343629	0.6226256071089744
0.1125421675785967	0.6253933542230742
0.11572365686459607	0.6290694822154634
0.11923569946694679	0.63326865969684
0.12213396345061467	0.6386279285372043
0.12566489704021633	0.646315438504756
0.12963688314495947	0.6551029046423615
0.13344695612917734	0.6634086466173472
0.13653587130426859	0.6701571404122737
0.13861651885013826	0.6739129215440114
0.14013667337722735	0.6765916394782063
0.14177524431228017	0.6795102417009807
0.1431678365722613	0.6824936191977483
0.14350715370451494	0.68575773287401
0.1436831181122229	0.6885570287384373
0.14396435501314908	0.6906284549622095
0.14385363238728077	0.6924217107007722
0.14338643915424498	0.6941676005240316
0.14252799643117386	0.6957086213678954
0.14095279728358	0.6973933356841833
0.13881243585075564	0.6991746819257283
0.13595004193807947	0.7012090869603111
0.13207917335669572	0.7031703159996386
0.1271093808304049	0.704555796163252
0.12126440313307363	0.7054305392474951
0.11495619364564957	0.7059484304687706
0.10896211917533716	0.7064386625872743
0.10331216294196155	0.7072879069823759
0.09836768488744418	0.7084044341492977
0.09500608615389528	0.7096873063101572
0.09330262345772145	0.7109972339419479
0.09247552528283265	0.7123068847027322
0.09106495554039906	0.7136809869284884
0.08781294369287984	0.7146466430846438
0.08241537690106027	0.7152396400658876
0.07532657366086548	0.7158330309982739
0.06936350431637806	0.7153167287456799
0.06668489008983425	0.7124206898196837
0.06613992917128586	0.7077015025190228
0.06563449957686007	0.7018408794992312
0.06382276660237851	0.6950860666785472
0.061066115663380494	0.6871573364888461
0.058559183216472466	0.6782994711305735
0.05763533875043381	0.668848246894769
0.058950066746211505	0.6597785273888421
0.060737482537605025	0.6526881945436568
0.06215562729949076	0.6466457961914079
0.06219462578890633	0.6403023159513633
0.06118235719053855	0.6342797754073393
0.06020537529601855	0.6288555110258425
0.06001554763645567	0.6243628487438704
0.06142173802949369	0.6219275656371059
0.06261893795780527	0.6200759498598419
0.0624621373993306	0.6174300760609164
0.061360187555197676	0.6145834226925136
0.059073032174708384	0.6118255215418685
0.05609699863661044	0.6096078562502456
0.05224529122521382	0.6082896025067718
0.048280595384329494	0.6072859255461909
0.044559473684762096	0.6063029729648717
0.04204303018999944	0.6054648941075307
0.04126456394452216	0.6046851444783956
0.041623651738874834	0.604263380226715
0.04339643495079226	0.6045232762332581
0.04557472686067143	0.6047449251709902
0.04673693979085236	0.6038660736499467
0.04729047441087886	0.6024580869371308
0.04893383551958408	0.6003635104608396
0.05247449804708815	0.5991072275107704
0.0564894285059685	0.6006676323943785
0.06028862156007264	0.603925641551379
0.06326584289980808	0.6068646582837006
0.06617590218969038	0.610144455692516
0.07133048476851123	0.6146795854528577
0.07821151297029072	0.6201416190126816
0.0876482711439488	0.6270513821478167
0.09757634290361406	0.6330563205044969
0.10385715513661697	0.6347122591301109
0.10882012130157737	0.6358324326555123
0.11500326518216752	0.6400842992358279
0.12017792764824975	0.6449664098325104
0.12393886861887893	0.6482673220101303
0.12793915937215683	0.6511904854369179
0.13305078412825289	0.6548237350538413
0.13863450771494623	0.6583894636118945
0.14404878422442913	0.6615935481799851
0.14865233442987336	0.6647104833555411
0.15222339242474536	0.6674519756533235
0.15499891735992843	0.6693623388753966
0.1575058364411417	0.670215692035083
0.15878006506418352	0.6709458623875275
0.15938519382718042	0.6716622922294043
0.15878957850497155	0.6715092506908695
0.1562671486143028	0.669668278653737
0.1509437431841354	0.6685969023750058
0.14230661980361337	0.6705862508796177
0.13414534629184605	0.6734869228229585
0.1324003562505114	0.6750893717418291
0.1316969842443534	0.6754142270325003
0.13046232669833202	0.6734509097987058
0.13014008037222968	0.671849611128966
0.12775585643159282	0.6707562057536505
0.13193432122367543	0.6744684371830991
0.15428790449437368	0.6881189214324226
0.181905521795791	0.7061375984545983
0.2079832270896711	0.7292779647066456
0.2264797669250953	0.7477417736974665
0.2275425595575653	0.7502509895786811
0.2235814594095853	0.7479430990128885
0.22421219172816897	0.7485399656278423
0.22438689791353195	0.7493485400929429
0.22169148005808736	0.747739716276684
0.21830483256846644	0.7438239334957193
0.21736013398334642	0.7379827907416319
0.21829957733982397	0.7332067366362955
0.22044381284296044	0.7313662898568674
0.22370179219020692	0.7308305183412902
0.22775804734812777	0.7297129205707269
0.232278216293766	0.7275821114239689
0.2371859460033212	0.7238366449243204
0.2422192096957465	0.7201809926637427
0.24684881872563835	0.7180680877057701
0.25064116579678597	0.7159254342830152
0.25340543450086717	0.7135669453978835
0.2567714069262568	0.7105886421004628
0.26167757161906735	0.7066543878271657
0.26651208556035844	0.7014594690411767
0.2706353045317824	0.6981993283893891
0.2753140392613096	0.6961473242947156
0.2807517367188641	0.694304674345971
0.28663385457684676	0.6892868087477846
0.292652432983564	0.6810748806744851
0.2992001700628135	0.6723068353322492
0.30674182662209937	0.665484710144987
0.3142461881920813	0.6591389711105535
0.32165107498032874	0.6521291902481432
0.32932064353687984	0.6439853161481228
0.3368068047347874	0.6351579997937904
0.34521461637976714	0.6265249318441097
0.35676283634293604	0.618059345621371
0.3689828603693561	0.6083985589576851
0.3785815693087722	0.598472793143348
0.3887703363618593	0.5903842857585109
0.4023709892062568	0.5849504600086727
0.41667519210343507	0.5793338270661237
0.4306765141834097	0.571328864475559
0.44463719470170204	0.5619012217415678
0.457581879403258	0.5514822822249512
0.47076795886210654	0.5401543379583231
0.48590445146971906	0.5279431154846066
0.5020807233510505	0.5144125268503279
0.5195112330302187	0.5003873494938708
0.5394367526735708	0.4873478581153692
0.5608377041603836	0.47436006157749555
0.5802016920174449	0.4568415055152547
0.5912648020131197	0.4313808953578795
0.5967125333019565	0.4040805542062078
0.6004777028017827	0.3770149540333379
0.6080001270372666	0.3520997043508656
0.6196953911674372	0.3308301665439807
0.6318769049483466	0.31023840565037947
0.6429514798701526	0.2881887537099403
0.6533514520126058	0.26582956612698094
0.6632412604983644	0.2423684954362314
0.6725691594515801	0.21719613223710238
0.680707133501051	0.19195191848967763
0.686999043241987	0.16775227515583918
0.6909162991052762	0.14294205093907164
0.6932860508047378	0.11836454766439497
0.6951561673866458	0.09491185010325835
0.6975348829189771	0.0705097085190309
0.7010726524057871	0.043123952864087385
0.7035074051788861	0.022671956759561497
0.7044533098395132	0.01026073148835114
0.7040157139149503	-0.009146777752618622
0.7009579302832574	-0.03318089992337084
0.6957092838173269	-0.053086341963147175
0.6877755360553497	-0.07493424004818633
0.6776482523464971	-0.10535511797576633
0.6667519295295126	-0.13906093595230415
0.6548661375287672	-0.17273859660566804
0.6414311468757612	-0.20562815903310946
0.6272977327917761	-0.2364912563257296
0.6135660329018879	-0.265183983715516
0.6013494735221476	-0.29019392740309374
0.5902401804120361	-0.31274298100860587
0.5794377241192876	-0.3332709116508843
0.5674176311335533	-0.3538407120243915
0.5536443002604887	-0.37517408574021577
0.5392655921852212	-0.3964947471658075
0.5222961048106365	-0.4173317742139204
0.5029242059147316	-0.4374022477861711
0.475652153948265	-0.45361110268181193
0.42867463426378727	-0.4593520262742359
0.3823456990164926	-0.46199493266730124
0.3550297205663018	-0.4724928202775418
0.33433712312980557	-0.48613886669104717
0.3159306229106722	-0.49975629840272107
0.2977141293886838	-0.5142186855798362
0.277692840688041	-0.5278287736164042
0.25729523618786576	-0.5408049472515484
0.2372608142849595	-0.552916279927972
0.2172695646352354	-0.5641231883519106
0.19520138418867994	-0.5749611523040286
0.17369687968317304	-0.5850102674261086
0.1560450849545223	-0.5937805806057946
0.14099263732742795	-0.6019531766774127
0.12989168657841876	-0.6099452228266251
0.11943205901891218	-0.6172098856830186
0.10375947164071153	-0.623123293471761
0.0866702041755616	-0.6279543806123022
0.07302429809859223	-0.6319662590808597
0.058127389635547644	-0.6358184394501695
0.03961578997955506	-0.6401612343261174
0.0235759287222832	-0.6433941012796656
0.013415631242753356	-0.6441858868464971
0.0033472429326666386	-0.6442925261712924
-0.009672703425803952	-0.6448731749864479
-0.022435862421062325	-0.645742357668506
-0.03386507716870746	-0.6472597955481956
-0.04481232174242056	-0.6487756492861605
-0.05471648810158314	-0.6497081736100856
-0.06372441470399082	-0.6504375277476298
-0.07158526683674538	-0.6513002138490009
-0.07782683253893463	-0.6521034775603158
-0.08189267862769434	-0.6528012777612509
-0.0867712749162326	-0.6525056150149928
-0.09793548501939497	-0.6493452264687558
-0.10810676407539965	-0.6460123863988161
-0.10850438715256772	-0.6460244782103801
-0.1073051868224546	-0.6465562670737555
-0.11083821187649079	-0.6454027139197389
-0.11613147694047576	-0.6435483132213444
-0.12182589164929336	-0.6414851583679062
-0.12840271419123983	-0.6386104996306003
-0.13326106952033	-0.6348233893984934
-0.13709770608603034	-0.6314111144606709
-0.14043542180579927	-0.6290251983028023
-0.1438602268196476	-0.6280284381882428
-0.1491930315661847	-0.6297404823395848
-0.1581874053015131	-0.6303133203808142
-0.16567994352137116	-0.6279668447831097
-0.1677253793462068	-0.6270642114495344
-0.16392072500884503	-0.6300411064142513
-0.16144701832309938	-0.6329259218972119
-0.1614154378131678	-0.6343217311826468
-0.16275622267403733	-0.6349633461718587
-0.16533172027777887	-0.6349320325400698
-0.16791437104510276	-0.6348132886281537
-0.16892897484694291	-0.6352532517970094
-0.16836376006525366	-0.6359199187347938
-0.16482199930555552	-0.637283677963054
-0.16298399529969743	-0.6370921207112231
-0.1695447142034423	-0.6318517337736642
-0.17502765240450913	-0.6265777041370452
-0.16951177711020193	-0.6266576756263997
-0.16255726752873745	-0.6270909129620891
-0.16140082659591926	-0.6248053999072845
-0.16104823060126527	-0.6214292976209403
-0.16003601544875323	-0.6166312001766464
-0.1572761416910078	-0.6116013474374514
-0.15158471111291227	-0.6073703816158103
-0.14725888762254957	-0.6035398061760494
-0.14700087209546187	-0.6005768191634397
-0.14762987091726565	-0.5989332058799917
-0.14677887312115523	-0.59909223015181
-0.14450203783175297	-0.5997131135275104
-0.14071531532691495	-0.5992658881923254
-0.13580597486474844	-0.5989751583120204
-0.1319573312317015	-0.5991053756010304
-0.12944595198613307	-0.5991877089327804
-0.12773651836815603	-0.599189632400383
-0.12651146445230488	-0.5993540276333504
-0.12547870047793186	-0.5997762942305653
-0.12416522239158656	-0.5999546338791544
-0.12243032383587948	-0.5993467440948095
-0.1211084521727166	-0.5983594995205845
-0.11998965591071986	-0.597401957430313
-0.12002750095398707	-0.5963547945058133
-0.12245639105111117	-0.5950901616567013
-0.12608547046392005	-0.593865782190164
-0.12950940905238362	-0.5930432926595204
-0.13196907259581359	-0.5930641636075066
-0.1332235791239187	-0.5945533596785315
-0.1349272563457422	-0.5965133521219004
-0.13800877602009987	-0.5978980409700145
-0.13975305657733195	-0.5993117318553105
-0.1386917325835837	-0.6009354526866982
-0.1383665996715484	-0.6024729136036433
-0.14085418819800655	-0.6044402304307176
-0.14588876593270594	-0.6065402300302765
-0.15371753845902347	-0.6076326880446935
-0.16102009313752053	-0.6093983267133147
-0.1630104297827435	-0.6148586771532053
-0.16530788231717786	-0.6210041034411995
-0.17483312556399522	-0.6240952021075917
-0.18411651840149634	-0.6284279765837915
-0.18605654322534804	-0.638989379103505
-0.18856509043105962	-0.6477388041866214
-0.19861716887626724	-0.6460054159873319
-0.2100968104798806	-0.6432583683126658
-0.21916693037071955	-0.6481826060324607
-0.22757645933890114	-0.6559840733216851
-0.23771058831633152	-0.6649789860534352
-0.24497028772022045	-0.6723418274338442
-0.24383147369924796	-0.6733042782010047
-0.24135178694917592	-0.6725662673173136
-0.2426003733818458	-0.674040203318382
-0.24453416930644156	-0.6764047637797137
-0.24622472488490477	-0.679895883757732
-0.2462970911746618	-0.6835007721684432
-0.2431360835125158	-0.6861966361236655
-0.23857290834814115	-0.6879725583195822
-0.23258718816520751	-0.6887058216911857
-0.2254583297467514	-0.6887376143746088
-0.21782673313403578	-0.6881483924526427
-0.21123194972199055	-0.6876624885732763
-0.2064135565109586	-0.6884707700834466
-0.2021461159128295	-0.6895149213973855
-0.19752870612852558	-0.6904828899384332
-0.19315966784378258	-0.691063559590102
-0.18983438450199142	-0.6903409992108425
-0.187033014133708	-0.687720448297725
-0.1835554210190491	-0.6827012436447308
-0.17950368959066232	-0.6770217208359324
-0.17471112021421398	-0.6727084956368317
-0.1686969317419802	-0.6683751389549861
-0.16149997366524804	-0.6618093290809008
-0.1547382312377943	-0.6540736380888182
-0.1500300883255754	-0.646192881797107
-0.14728309407816642	-0.6396176278637618
-0.14468543213390994	-0.636388536572513
-0.14297633613465432	-0.6347707313046939
-0.14220070237507354	-0.6332765119201634
-0.14160761425459878	-0.6317752557116101
-0.140797707418316	-0.6292783997960707
-0.14143407542516417	-0.6276052361041621
-0.14685969063679227	-0.6299284169347752
-0.15074970330950066	-0.6308745921487005
-0.14502601490360068	-0.6242671967784589
-0.13738342337445264	-0.616867313502982
-0.13409625490168953	-0.61457899053038
-0.13149777533477192	-0.6142068218621856
-0.12820776848041282	-0.6143302978210541
-0.12495309982137126	-0.6144883640724935
-0.12108822755472559	-0.6139436660903959
-0.11713793873128697	-0.6128535166977171
-0.11336918932039186	-0.6110373955523896
-0.11022914074394663	-0.6091856292473904
-0.10721767289869222	-0.6084652644830247
-0.1050142540948591	-0.6079773908638111
-0.10420190524707351	-0.6068862594793352
-0.10454174937882099	-0.6056101134511047
-0.10540883421611369	-0.6041303526695693
-0.10710302215326051	-0.6038768737130942
-0.1099297940083308	-0.6067905836976113
-0.11304386757759666	-0.6119252716990329
-0.11471170454836344	-0.6183968368913493
-0.11519872571491963	-0.6243762853862221
-0.11649065009771231	-0.6278320396028743
-0.11867845432752455	-0.6309749628538206
-0.12156744388203267	-0.6353424925296349
-0.12627358339900807	-0.63989399229911
-0.13239890446824587	-0.6437304606520792
-0.1390472334390176	-0.6477304727008069
-0.1460567017858092	-0.6531713025372059
-0.15261309737929674	-0.6589619459648569
-0.15790537761771528	-0.6636483759904408
-0.16319591065928662	-0.6666390864026553
-0.1687607600656449	-0.667644828714378
-0.17475348597314078	-0.6685276260426815
-0.18110662768497177	-0.6709048341116337
-0.1868688211331322	-0.6741673008750755
-0.1916242591721029	-0.6778777044365323
-0.1951678217881696	-0.6813232948700265
-0.19731728285176509	-0.6842162007776929
-0.19814299250899348	-0.6870183888485952
-0.1972907801551309	-0.6899458614035867
-0.19504541351334348	-0.6924912989440665
-0.19140040948077353	-0.6944273702242674
-0.18631581123349017	-0.6960365955579417
-0.18039197954045916	-0.6972385029394947
-0.1745595821400321	-0.6982531009926831
-0.16888072228069628	-0.6994884340431835
-0.1629234623839797	-0.7007927995709793
-0.15741687154956718	-0.7016929879715782
-0.15263985147310377	-0.702484966350541
-0.14862793506992444	-0.7036509202453867
-0.14477700353992295	-0.7049394024733304
-0.14020214880555626	-0.7062708965980959
-0.13349495286876945	-0.706616211151347
-0.12502453472779562	-0.7040538426699126
-0.11754981793225028	-0.6992294898825098
-0.11391170360976988	-0.6924623086569819
-0.11281167109160606	-0.6844613886092104
-0.11150497272444104	-0.6772038248252601
-0.10879050418671365	-0.6713508497205685
-0.10536742095886664	-0.6663988671276997
-0.10143813207089147	-0.6612602796429224
-0.09893321182719594	-0.6547934445332919
-0.09844828719162013	-0.6487526543613014
-0.09758385971137074	-0.6452074579201509
-0.09610554047424946	-0.642909108402207
-0.09490800843129721	-0.6405364120878025
-0.09289978033513435	-0.6381324223848839
-0.09067093025775508	-0.6356648509389284
-0.08892637227705036	-0.6331268707424955
-0.08708060036699283	-0.6305982921347473
-0.08485415516363348	-0.6279270897857214
-0.08231563690915511	-0.6251148633984398
-0.07991489920451622	-0.6225391254663843
-0.07711451592179186	-0.6212322071441874
-0.07390637771320963	-0.6207039827215203
-0.07028803589102717	-0.6205655322883847
-0.0667914444759865	-0.6201214282634625
-0.0635889020787821	-0.618913538141404
-0.061564900934595546	-0.6172082357943363
-0.06060168345118777	-0.614941086978399
-0.06067463230392223	-0.6130113645862667
-0.062032259956058766	-0.6124512641132617
-0.0638286547351794	-0.6125374931180507
-0.0662371849390726	-0.6120237723928905
-0.06937435085155075	-0.6121129028101229
-0.07245977399374781	-0.6145226182270296
-0.07564751525525337	-0.6198270170459448
-0.07878475756362158	-0.6288064261617128
-0.08089736344370468	-0.6372914035508184
-0.08240425637783799	-0.6413287372406851
-0.08399825463479771	-0.6439839758435404
-0.0874605316993533	-0.6474825234878074
-0.09346000166481616	-0.6514873232830571
-0.10044701755534646	-0.65600858273502
-0.10720878560710112	-0.6599269219427043
-0.11346120878520827	-0.6625957987107711
-0.11821147737376281	-0.665290246687859
-0.121403458737811	-0.6687120829571224
-0.12457784516468484	-0.671849577209295
-0.1286258944492802	-0.6739745751953774
-0.13362993156918046	-0.6758194024846993
-0.1392610938339376	-0.6780585368857567
-0.14478300830954938	-0.6807048583905704
-0.14927645064522865	-0.684181038508184
-0.15283890512691412	-0.6875124100496068
-0.15616617678853628	-0.6898759824137906
-0.15912951474653192	-0.6915725198046871
-0.16087130647865333	-0.6929576551992107
-0.16139906698071838	-0.6937827160034477
-0.16086798682629655	-0.6937825778058021
-0.15919067115254615	-0.6932844576541498
-0.15651113360454016	-0.6924637952912647
-0.15324321889812254	-0.6919122394860711
-0.15002878301632916	-0.6922766330845742
-0.1479204104004086	-0.693098874771074
-0.1473842424682743	-0.6940755038263349
-0.14712407822369733	-0.6950400168874846
-0.14531759753818152	-0.6963063195421325
-0.1408097843789029	-0.697758629053968
-0.1349842740576095	-0.698330354160033
-0.12931744524551236	-0.6968435912960935
-0.12515585244616623	-0.6925937316909708
-0.1230627526935899	-0.6863122281020455
-0.12097045319426192	-0.678536301098701
-0.11761524327091721	-0.670345602766884
-0.11350689387276769	-0.6626149278298843
-0.10828345043692755	-0.6547746781650796
-0.10409233948426289	-0.646450285882078
-0.10225581021981767	-0.6392097025193902
-0.10164648119563457	-0.635062654985572
-0.1015227678582965	-0.6327125304842728
-0.10047520676927946	-0.6308890039845956
-0.09894348812502585	-0.6290247147732213
-0.09788547239702028	-0.6268791601463006
-0.09694682391824294	-0.6248786971372564
-0.09615806398236548	-0.6227798251962954
-0.09645148071644882	-0.6202138846226952
-0.09728163497711062	-0.6175389019661932
-0.09839531884932984	-0.6157038708158618
-0.09944549721440887	-0.6153352328973073
-0.09998579543260111	-0.6154990347183624
-0.09974200045105186	-0.6155161651569565
-0.09925986382926011	-0.6153626480116707
-0.09897956668367547	-0.6148046911246756
-0.09913780047596077	-0.614314888749934
-0.0991666824235935	-0.6141806035214005
-0.09930679224400041	-0.6145202656244906
-0.10043475849900607	-0.6158422838655064
-0.1019844700831658	-0.6171824007520527
-0.10403519082712165	-0.6176205590683159
-0.10647578290300863	-0.6171809125035308
-0.10987043014596798	-0.6148405064782029
-0.11492582311650512	-0.612078472026983
-0.12165592200941877	-0.6102956052572042
-0.12808452507650914	-0.6104196248279112
-0.1327424929265547	-0.6135082547250761
-0.13715086129542542	-0.6186505890707469
-0.14329869720918503	-0.625069222598356
-0.1490076382870671	-0.6306160380020547
-0.15396504215463774	-0.6332302689381039
-0.1586152035536586	-0.6343124692244755
-0.162712200583308	-0.6343386066843542
-0.16715408781712304	-0.634280463234386
-0.17248591183344675	-0.6358471109050265
-0.17709327407576247	-0.6382529761040917
-0.18005410723717002	-0.6409230999377641
-0.1831119257883012	-0.642955637210157
-0.18687786228832537	-0.6438926708291444
-0.19061133433393873	-0.6449760788602207
-0.1947425270122401	-0.6467915931394758
-0.1992137624303023	-0.6483325723148177
-0.20317489637841885	-0.6492288349533872
-0.20686065406976734	-0.6497070801668636
-0.21019095020910009	-0.6501514796321761
-0.2130855108350721	-0.650502963860236
-0.2156680997555545	-0.6505594408872512
-0.21789755073305428	-0.6500535251457384
-0.2186578205893681	-0.6488963163336235
-0.21898173322546585	-0.6478311066440159
-0.22049982976798496	-0.6472434801262581
-0.22243836760234326	-0.6472046643808
-0.22462963782310016	-0.6475880738449694
-0.22698233520948663	-0.6481500523317221
-0.22968264022942497	-0.6487650239653013
-0.23252847465045803	-0.6491611434311928
-0.23484147549807707	-0.6486812536674957
-0.23683782502247144	-0.6474212621835602
-0.2390391246725258	-0.6453370313779362
-0.24150747014456383	-0.6429150108293245
-0.24453594652905347	-0.6404877161670801
-0.24758576744877295	-0.6377085110521318
-0.2502212954800141	-0.634426488515011
-0.2526958269261701	-0.6305948721437046
-0.25655366110133526	-0.6256093847014942
-0.26212033465985335	-0.6194266892686273
-0.2684781162739832	-0.6122295215708948
-0.2772228385879062	-0.6046310325275324
-0.289408991158959	-0.5981889018120273
-0.30196927320872563	-0.5918706884104085
-0.3136670320606827	-0.583925464326591
-0.3261733952782423	-0.5753924788444345
-0.33969750033874435	-0.5668868103692626
-0.35383178654620107	-0.5573327103105226
-0.36944074767082813	-0.5463200424807292
-0.38480607812551754	-0.5339431294275769
-0.3966775802230391	-0.5199532282302117
-0.40797174904767775	-0.5049996755427655
-0.4211931717212743	-0.4897725477444641
-0.43581913025608715	-0.474123051595417
-0.4525260056083478	-0.45800806574568026
-0.4698346698375868	-0.44116383141853577
-0.48591781973327686	-0.4234143877130167
-0.501466145897665	-0.40537645434651715
-0.5164685667635067	-0.38857528863918156
-0.5302378863801894	-0.3728728123009091
-0.5430832359154949	-0.356707704194704
-0.554171765015905	-0.3404385226669035
-0.5612551560404571	-0.3251552690960789
-0.5691947828382115	-0.30932955210584523
-0.5833346611138776	-0.29052267686848565
-0.598318550210672	-0.26999562367226726
-0.6105113926308106	-0.24928650693959442
-0.6212328387065775	-0.22831464430671786
-0.6304290680235196	-0.2079102146665073
-0.6388098204779874	-0.18677732927885038
-0.6465968290955635	-0.16364377315528716
-0.6532087944879705	-0.13936630027813182
-0.6580744724010469	-0.11536661017711375
-0.6615342061513616	-0.09180751522228345
-0.6641820925091575	-0.06749544279466302
-0.6654717801280965	-0.04419558365376311
-0.6639020008979337	-0.02463031884158684
-0.6629999286348573	-0.006039455815643413
-0.6666761756497086	0.014710901532408366
-0.6710119070565803	0.035803334684856636
-0.6731046942434729	0.05595917103828682
-0.673734463663129	0.07634041041894382
-0.6732553761515407	0.09748345865200927
-0.6714005858217824	0.11810739254892211
-0.6673221824105126	0.13727128845182276
-0.6612834972547794	0.15582888318579577
-0.6541800201414713	0.1724461865316487
-0.647722302591927	0.18786403544082841
-0.6426671014926579	0.20657952046762845
-0.637435102892048	0.22653420755788453
-0.6314089955314615	0.24625044763278398
-0.6247088204349726	0.2644059703497954
-0.6173500711929287	0.2795699157112078
-0.6099132567981287	0.29367461423053054
-0.6027472490071826	0.3095606003570112
-0.5950768161329982	0.32663627506095366
-0.5849817773090566	0.3455458265660204
-0.573317012248271	0.3651252880117786
-0.5608592222886086	0.3838909838996287
-0.547791540531888	0.4016979833107989
-0.5343995799115124	0.4178760320758711
-0.5206282606610441	0.4343096689160165
-0.5069357959590641	0.4515781785317726
-0.4931469304684162	0.468692772992805
-0.47945147013511824	0.48524092888656967
-0.4646954491397147	0.5008248658299628
-0.4467187568322448	0.5150079170006163
-0.42792626162785313	0.5281195167817511
-0.41112089731535767	0.5409082752083029
-0.394531153086802	0.5538240258396683
-0.3744902560548574	0.5680852752433658
-0.35212857442710777	0.5814106358981085
-0.3293721418058605	0.5917604070667785
-0.3068825348856923	0.6007502111348482
-0.2844447131768081	0.6094165207362944
-0.2620134138230355	0.6175317235628741
-0.2402676524400211	0.624906744045622
-0.21922454508537698	0.6314100026629319
-0.19831601562281728	0.6371248975709527
-0.17800178434993552	0.6420411812446601
-0.1592464378327328	0.6455999300995231
-0.14125484505630817	0.6494842435766552
-0.12274889295318181	0.6568027858295072
-0.10625686493819139	0.6629462295121736
-0.09515671872492654	0.6620658509386819
-0.08475892649404373	0.6602272817388457
-0.07041777300815522	0.6632169431895665
-0.05527603614563292	0.666094178421481
-0.04248201695955656	0.6648055064656281
-0.03011787414685102	0.6629895613220707
-0.016767665188645975	0.6638611780311272
-0.004373035633577604	0.6650432124832825
0.004111087072428965	0.6644478067378523
0.011012101891409998	0.6636925405424717
0.018677578853894705	0.6637135360949168
0.02666564221444534	0.6644409357766019
0.03599886698534571	0.6668008916361718
0.04595572822067506	0.6694303805397647
0.056133688825911854	0.6718835227543907
0.06507188267913766	0.6724190273419755
0.06907975182078963	0.6675283245742365
0.07179082644190232	0.6624897655143881
0.07770601478818928	0.6633666772142435
0.08238559531890766	0.6659371049057439
0.08265893619471937	0.667081766486509
0.08236886485871547	0.6672793178559346
0.08477217346976801	0.6658386082423675
0.08782246525899079	0.6636611154281771
0.0898271867513662	0.6618056390649856
0.09131193036893076	0.6608245799785198
0.0924833923251111	0.6610855766037267
0.09330331636251032	0.6617523426475058
0.09420367591053463	0.662206163199718
0.09485773294691963	0.6625289796923629
0.0948838323324519	0.6624372265467735
0.09516584370024589	0.6626029938886439
0.0963355972972679	0.6642147772303526
0.09831752304755911	0.6658862353329178
0.10063230381360666	0.6667464057846372
0.10142534175184234	0.6668041974849257
0.09864962447607759	0.6652748034049359
0.0960842122359486	0.6637693697556931
0.09599548001659677	0.6640715458807063
0.09692015902122586	0.6654887495960137
0.09893007518592664	0.668248504875708
0.10165538889448458	0.6710564108951664
0.10430992284553459	0.6724281114251084
0.10719659783089508	0.6731803596098765
0.11116250386602891	0.6740327048382496
0.11514774167988903	0.674519502056631
0.11831097515041855	0.6736709345490506
0.12187783572347655	0.672991652863166
0.12658925486685665	0.674189799116677
0.13168838993747703	0.6761022470620504
0.13802203498552837	0.6777582084243741
0.1435297957734521	0.6796133746290389
0.14671186356150498	0.6816606216625738
0.14880469206867197	0.6832512382522548
0.15066885573112626	0.6837830822932649
0.1524891988717526	0.683799016431329
0.15419517243992378	0.6834916463211318
0.15569211920645795	0.6833629545835758
0.15805466398702164	0.6840440835834123
0.15987702578574664	0.6844915768249301
0.1591384704810544	0.683474842774441
0.1576540851255962	0.6825945026883495
0.15718168363068613	0.683041818651208
0.1557917705557058	0.683940359194862
0.1531201742176401	0.6844664851644608
0.15014341790499283	0.6848985307506348
0.14710385939824044	0.6855962016262447
0.14401285989929163	0.6862496973213933
0.14114180253044073	0.686243291336524
0.13870241957371834	0.6863935812384778
0.13759370991973896	0.6878625966003097
0.13592986173667893	0.689272640319657
0.13239932191425619	0.6890251671524406
0.1293408846054775	0.6878125040468843
0.12877325310101967	0.6860116735162605
0.12759645346958684	0.6838612514813465
0.12475508173365768	0.6813214076931201
0.12168480314865723	0.6785011465707518
0.11921660990683541	0.6755190492702783
0.11701561231638691	0.6718471192611775
0.11575976434700577	0.6665888511858744
0.11575075523658293	0.6601502125387166
0.11767451167442664	0.6526605440082295
0.12092770219831456	0.6454239989641004
0.12446871470808535	0.6399512668671721
0.12779809588580715	0.6358165447462201
0.13010041932107203	0.6324394279893158
0.13219159644130846	0.6295732408925283
0.13424537113679774	0.6275212333782771
0.13578118247111642	0.6261581178922117
0.13727243513093418	0.6248444443670875
0.13866998753528292	0.6233494043147345
0.14004812815696854	0.6213984765833453
0.14118805961458714	0.6195764707738332
0.14170635561213907	0.618592581201137
0.14102171809798664	0.617631726964611
0.13877923727409447	0.6153174159474575
0.13630194403462959	0.6129689775071352
0.13448142406227614	0.6122334198841615
0.13281115639238628	0.611573713296646
0.13097516918134577	0.6097586465050449
0.12922732668946635	0.6076047403756814
0.12787031698907403	0.6055977602024007
0.12723535592367463	0.603759516330566
0.12759354903311348	0.6021178312468369
0.12872295128948108	0.6006431024572233
0.1302936417932994	0.5994314216680364
0.13171748344553313	0.599938600454189
0.1333318413936363	0.6039839770405548
0.13469876860510965	0.6099360808317997
0.13469612509532014	0.6161383866716789
0.13407506371758937	0.6212757302046107
0.13436614897867583	0.6240000833802671
0.13615937389198607	0.6273827375900404
0.14027257460377218	0.634300894016484
0.1466535198051132	0.641530833298655
0.1540748040626414	0.6462614235408037
0.16133235386573097	0.648930403938433
0.16821061968411644	0.6495955476257158
0.1743323809621784	0.6498038041925378
0.1799940109528122	0.6505570184818193
0.18637674632801837	0.6512058469389421
0.19365835044921464	0.6516600417058616
0.20111158403033125	0.6526198951760254
0.20844443354663778	0.6546044178176746
0.21501537799193282	0.6570818268370802
0.22057537736624377	0.6597209623839654
0.22452431321519284	0.6623375088593837
0.22705772070731456	0.6642934251829906
0.22847827048099112	0.6658164230094827
0.2288181003637073	0.6670034249044106
0.22830554953751614	0.6680776102906625
0.22704530027630754	0.6694929120812343
0.22534459539028884	0.6706836626663231
0.22304749448934524	0.6713330965147503
0.22011920292953513	0.6717609842878076
0.2168506936939807	0.6721065654263269
0.21380683804534018	0.6724470406006714
0.21178723676590527	0.6731179672251968
0.2100141982606054	0.6742185304775691
0.20753617046918493	0.676174348620268
0.20299524400938473	0.6784966210983597
0.19659829671461715	0.6800869342365622
0.1897552850009725	0.6800393235950719
0.18397752576445248	0.6772566670617102
0.18070219436308665	0.6714869325858212
0.17881573064725798	0.6630294796895123
0.17596566800025748	0.6544199768388799
0.17154418119245296	0.6477049833797004
0.16573484704037722	0.6415874800699063
0.16087529327140904	0.6343964644703888
0.15801180045307572	0.6274064396064363
0.15585978555333058	0.6229322130178208
0.15387148475459989	0.6205088251816198
0.1510448001227267	0.6197654043527293
0.14724335620336926	0.6191210802462688
0.14399707835121367	0.6173102779119013
0.14113075548517617	0.6151997723073573
0.13869004542878516	0.6131572126539282
0.1369573524376544	0.611084650659106
0.13577835233687674	0.6091076115097742
0.1345902970374131	0.6072843188937356
0.1329318941962434	0.6060231363639331
0.13077357491653574	0.6053784408370562
0.12841642726617142	0.6053499683389973
0.12565835791324131	0.6052898884635055
0.12230194446174325	0.6043337629660429
0.11996138898160158	0.6025305741867666
0.11864583795749928	0.6002954017632307
0.1183209899936406	0.5980716020375269
0.11943382121343005	0.5958057140675197
0.1216154978556685	0.5936467293680634
0.124427137276784	0.5918622702621674
0.12812998862986102	0.5916760369052299
0.1325569959916666	0.5949422788220844
0.13808836014200354	0.6004424911641757
0.14347498096330868	0.6072420344810391
0.14750743456818283	0.613056557291018
0.1511150865960027	0.6153508077456054
0.15458829734162371	0.6167529834730684
0.15850239067318572	0.6192455669000816
0.16430651879848313	0.6222615740579713
0.170869112665204	0.6259901598846199
0.17721230951803868	0.6301703741382213
0.1827879966716348	0.6346098385031762
0.186698874713358	0.6396388283993564
0.18931872493561563	0.6450132737507346
0.1922274576725158	0.6497081063514119
0.19544146908361482	0.6531531346998427
0.19881836503240358	0.6560920166108826
0.20218981853335238	0.6587209290369949
0.20472284517544592	0.6614723002571508
0.20654790130160716	0.6643085235165944
0.2080360030684183	0.6669599521116634
0.20914526261807342	0.6696986735202162
0.21025079950775938	0.6721349414885693
0.21099386870748038	0.6738174726177679
0.21098136899514452	0.6753200593540369
0.21016946946946202	0.6771706950141327
0.20823547510800466	0.6789127144574343
0.205134755652435	0.680097947915538
0.2013928648129535	0.6807794655330548
0.19719355903346747	0.6810362694338057
0.19351424687153918	0.6811247652010846
0.1911265387404244	0.6814641972487856
0.1901885063809834	0.6817760123465402
0.18983788048268435	0.6823658840848945
0.18902381884563813	0.6831831083098274
0.1867975828912276	0.6842747955826538
0.18314509235963516	0.6850062426293319
0.17924462341113534	0.6846058118113805
0.17700118648610408	0.6820052747078758
0.1759560702461096	0.6767752034170216
0.17476713843801406	0.6706295627815908
0.17233509707057726	0.6650738101924545
0.16788075234165012	0.659408643131765
0.16249643453152407	0.6518311389965388
0.1582079106493306	0.6430498981205733
0.15668092715371484	0.6347661658218763
0.15637222149647823	0.6281718345993316
0.15384957153826972	0.6240024563742392
0.14940969688687922	0.6206532131962087
0.14359855720091508	0.6164691494244057
0.13801420566628764	0.6126065739308871
0.13615144779613342	0.6104490384992001
0.13553668201990243	0.6086943721818603
0.13355480073441672	0.6059337924734025
0.1312034982080954	0.6030027819197555
0.1286665676934815	0.6005734616892389
0.12586861302306884	0.5985068240434221
0.12296580636197207	0.5965752830742806
0.11934348458735489	0.5948717017531941
0.11416930038837148	0.5935340327972769
0.10971845173696781	0.5925448600980424
0.10741014263158455	0.5921553535150355
0.10653283192837826	0.5919512976089616
0.10684894562286562	0.5910421767859261
0.10823263616960777	0.5897527892777863
0.11001244990108461	0.5884788680039147
0.11200996915416184	0.5886383990741915
0.11598998475008226	0.5907529153622562
0.12137965827645036	0.5944523657569178
0.12598239753675688	0.600734895686547
0.13007924887168443	0.6078037469434803
0.13440906641674832	0.6129702933062994
0.13687972586543395	0.6162029437567459
0.13763192193190754	0.6164492495771444
0.14063586193003186	0.6166028899583815
0.14743444466975753	0.6195791155565604
0.1541657308612887	0.62361073904151
0.15776081057596691	0.6274366079766529
0.1591755590216959	0.6319604131724161
0.16149318283946723	0.6370473547946056
0.1646935332239723	0.6418745254874954
0.1680623179600298	0.6462141385836208
0.17132108509568145	0.6498245771284512
0.17433579856205128	0.6519210353530084
0.17649601753242905	0.653492112640591
0.17799456747753517	0.6554134955799161
0.1780719034518894	0.6572069126472544
0.17572601939376842	0.6580724131723243
0.1734377225086936	0.6590099159339571
0.1738136945249087	0.6617684669254285
0.17352662183165535	0.6647041060240617
0.17099788793423176	0.6652304889384446
0.16809398300678247	0.6642698636453134
0.16390032103429952	0.6636136534998798
0.1583741770853182	0.6631533466963646
0.15415644548199925	0.6613730665171889
0.15205491466055943	0.6598511662757874
0.15076278339011306	0.6622935016525514
0.15167166756813444	0.6679557359755799
0.15566167350222138	0.6734695360378988
0.1633955218803349	0.678936660115274
0.18001942388359282	0.6876530205513749
0.19372446448164116	0.695548768844384
0.19326136993835075	0.6972164811282624
0.1877425051826851	0.6974910469523457
0.18292998539321292	0.7000435872484937
0.17920869239317838	0.7022489569728778
0.17747092644531648	0.7024371344507668
0.17421538105679613	0.700354547390085
0.167334922750622	0.6949092744230918
0.16100769586075625	0.6893554483227654
0.15890632510394642	0.6859918937811058
0.15936113578815014	0.6836107029520391
0.16047846561992785	0.6826473073139129
0.1603800347051365	0.6831136568362498
0.15799534467898724	0.6847451176789139
0.15436802843803843	0.6860502146679244
0.14997783533786357	0.6853837782602175
0.14443344809104808	0.6838310761575794
0.13773359233824412	0.683442112800341
0.13012506215804542	0.6845189501228057
0.12264811485666716	0.6864023740831471
0.11599725019614393	0.6872415369016778
0.10811457425722093	0.6869006757929911
0.09806944535681161	0.6851496946012569
0.08781459914128487	0.6809512360798851
0.0789217439801666	0.6751236538095433
0.0685631229357444	0.666854843705419
0.058866152377802905	0.6596380728306457
0.05243836130594293	0.6569664979641647
0.04578217788278227	0.6566918946378362
0.03622757788228892	0.6596165803264116
0.026333187203558595	0.6668184626181711
0.018058324245835422	0.6772160856413519
0.0093142081480444	0.6833404021726033
-0.0018345854639383319	0.6796370999272174
-0.013223390325901363	0.6749248808008981
-0.023009103291743216	0.6755115133218719
-0.03370954992496866	0.675916555334056
-0.04631177215127291	0.6741896565815546
-0.0597826226611442	0.6734666930907176
-0.07257119444331739	0.6769143657443425
-0.08678876422882897	0.6785363061305616
-0.10283205012351981	0.6744319691561753
-0.12010557374590913	0.6677151076516699
-0.13769329863733848	0.6600503915297934
-0.15483313010907018	0.6528257185074149
-0.17073918030854784	0.6496489504077911
-0.1891903255020777	0.6481111786285947
-0.21198232615248092	0.64604906717687
-0.23515731494971082	0.641504536906518
-0.25371307408325006	0.6320432851434126
-0.2711875705257736	0.6190823156466396
-0.2925483708650898	0.6047267361464806
-0.31585788942431225	0.5910963684883768
-0.3377929851267387	0.5788935242791142
-0.35892856948921725	0.5654721904186909
-0.3807377274979711	0.5506421125888934
-0.40228104867014025	0.5345504026378594
-0.42209607341298216	0.5159830299850988
-0.44074605946322265	0.49697547390874397
-0.4599957586590202	0.479025838091585
-0.4809764315434215	0.4606704046174371
-0.5039215549753946	0.4420943103831104
-0.5257047756148001	0.42232255091358467
-0.544909234987613	0.4002208905286382
-0.5626317770116831	0.3754985802094156
-0.5777215955590309	0.34823960665298304
-0.5917967811286227	0.31913749058814067
-0.6061901172924227	0.28881052095799775
-0.6189262219720701	0.2586246622686947
-0.6294907625897954	0.22952309002116114
-0.6371807865192141	0.20139086065543693
-0.6408810175244426	0.17365398403737298
-0.6424239207542994	0.1457977777987507
-0.6434536176098318	0.11794062013713609
-0.6440581761282322	0.09101627734396421
-0.644547675613528	0.06579832326198903
-0.6442033485337957	0.04096231393663377
-0.6421608047539902	0.015894415700017955
-0.6393649152744949	-0.008626537794880096
-0.636658864305903	-0.032823765512862146
-0.6338674355554996	-0.056676129759305166
-0.6311930997378417	-0.07983035001931979
-0.6280573466378314	-0.10288244131130121
-0.6236363654603956	-0.12543208953635288
-0.6184985087361135	-0.14777802032099854
-0.6128113265303927	-0.1705651984463588
-0.6061208917462837	-0.1929663736583191
-0.5982142230979424	-0.21469569529177085
-0.5896334424870409	-0.23556600490271204
-0.5806386561546972	-0.2550971359817718
-0.5720830068007547	-0.27421289593372494
-0.5651494964877921	-0.2936313705070332
-0.5585355572751043	-0.312250055061375
-0.5513699868332829	-0.32878699428305913
-0.5431075423734102	-0.34536823516698023
-0.5327003339118956	-0.36352258700909384
-0.5241146003380015	-0.37811704240182525
-0.5171978501391079	-0.39158699494209115
-0.5076532081341396	-0.4071059055739641
-0.49460121877944196	-0.4221475079310053
-0.48182819902999263	-0.4354577106063795
-0.4697830798026681	-0.44921024045405045
-0.4588598988794246	-0.46190138920015356
-0.4480212346523693	-0.4748555513689375
-0.43620877751992815	-0.487798037661459
-0.4241652033008654	-0.4983978189297896
-0.4129779744426578	-0.5062522280993778
-0.40181919356207985	-0.5122651641132523
-0.3920593768261824	-0.5167538025437898
-0.3840797762390844	-0.5205534921170933
-0.378396438113783	-0.5232627695458361
-0.3770349309098062	-0.5234636652926381
-0.3755350545188172	-0.5250375856571254
-0.36997921297168457	-0.5317325270769624
-0.36450639707240917	-0.5386619650319872
-0.362471269568033	-0.5419590533956833
-0.3616215693722751	-0.5446097240422546
-0.36076536526666203	-0.5482936500323607
-0.3602388669116845	-0.5524095385184636
-0.36163965830979894	-0.555772173406102
-0.36335121421199723	-0.5586909386059469
-0.36268388158813547	-0.5624739726829971
-0.3615922110804828	-0.5664939807836039
-0.36461445278841254	-0.5679120970048559
-0.3672330408840949	-0.5697537368455192
-0.36369914200633335	-0.5763974331757649
-0.35863919132074873	-0.5834222335323818
-0.3552383565159243	-0.5874501298745889
-0.3525839409818312	-0.5897759784683401
-0.35363521334323966	-0.5887546696613148
-0.35455733140938683	-0.5876819528820035
-0.3501126402805017	-0.5909655871725368
-0.3442168291675891	-0.5950608435390796
-0.3392907718114584	-0.5978828222391777
-0.33454626917325037	-0.6003291698011191
-0.33041040277101086	-0.6022857753580568
-0.3271661534366679	-0.6033570342606362
-0.3246859607509682	-0.6033890098474339
-0.3226759379861228	-0.6025008814964489
-0.3224614462166482	-0.5994324649205831
-0.32120260239451515	-0.5969331161766864
-0.3141988802301343	-0.5986975075091425
-0.3068802259364629	-0.6013842519039208
-0.3037878008870525	-0.6030067218717915
-0.30058615847393266	-0.6050752949057734
-0.2922146639176546	-0.6095655755609402
-0.2844734100224038	-0.6116165431030256
-0.28481255597627886	-0.6050865556041296
-0.28687943066964205	-0.596843703988827
-0.28335681647302646	-0.5941841977390903
-0.2768364492847377	-0.5944405257880112
-0.26953860697589516	-0.5960354171072302
-0.2637229422008769	-0.5948246064556795
-0.2625989021897652	-0.5857352831984657
-0.2628918522069803	-0.5751324181738446
-0.2619590908030087	-0.5688628186452735
-0.2610215656539081	-0.5660110029543736
-0.26029486536940194	-0.5664824373749392
-0.25670033986945384	-0.5689219981608999
-0.24690433705755943	-0.572613676013618
-0.23805478886671327	-0.5751408983080808
-0.23671169252563296	-0.5741396177190632
-0.23765197101471358	-0.5727062421061916
-0.23606406463973872	-0.5736377619962278
-0.23220302254007485	-0.5755955359114984
-0.2251093263998296	-0.5778012026857056
-0.21731069370638512	-0.580520114004711
-0.21003017080432418	-0.5847929751549026
-0.20337083076924056	-0.5888842821041789
-0.19816156463278567	-0.5907286495156303
-0.19433059184020962	-0.5910475045629451
-0.19127963200888676	-0.5903980246778677
-0.1888512148612156	-0.5889452727563469
-0.18707468246027492	-0.5867489324076784
-0.18664704515426234	-0.5844854233604895
-0.1869449087719648	-0.5830970847924348
-0.18753722973988918	-0.5837310771917099
-0.19081647169319194	-0.5879204517856947
-0.19163316664762853	-0.5925505439346987
-0.18434800729790712	-0.5932440928874454
-0.17620492309268787	-0.5922447805159526
-0.17385908688868046	-0.5920524927473876
-0.17411764044853673	-0.592723329692462
-0.17575018898201034	-0.5950923270285575
-0.17931315340272214	-0.5993449502673937
-0.18390043216440333	-0.6058269333803976
-0.18859757712154224	-0.6129871465377015
-0.19359294834606366	-0.6191184683351743
-0.19899791334222972	-0.6243988298142585
-0.20436400917195385	-0.6285075283442181
-0.20962935547732098	-0.6315645357269153
-0.21443270856871166	-0.6339341162186546
-0.21910948121113094	-0.6361907642362434
-0.22427154043203235	-0.6385406074323756
-0.22943849617629208	-0.6410211971947997
-0.23393513132183053	-0.6438948264754021
-0.23765032871178704	-0.6467543750038623
-0.2409005484261213	-0.6491998120706408
-0.24344752884684828	-0.6516301868584746
-0.24499540125759278	-0.6544273957838538
-0.24549467600946784	-0.6571585757396392
-0.24476688801659074	-0.6594913991890984
-0.24276249395669058	-0.6612853002103003
-0.23976155089716134	-0.6621629222142834
-0.23634731988455293	-0.6625372483108822
-0.23306171325469105	-0.6625122057696322
-0.23085747548898183	-0.6622788392784278
-0.2302681649690559	-0.662279642207994
-0.23016824655774792	-0.662386846859917
-0.22926485055943724	-0.6627651042787921
-0.22653845863424538	-0.6636007197871523
-0.22218408480763552	-0.6648421288656865
-0.2180568265114884	-0.6642263192888336
-0.21611138500957194	-0.6590794109918557
-0.21598232397343242	-0.6510652994564966
-0.21569650914236593	-0.6425235175834525
-0.21332484928722506	-0.6352188558585299
-0.20938278661153475	-0.6297056406997052
-0.20538726239027438	-0.6243810819154612
-0.20238122766717437	-0.6184444570517416
-0.20104781850521336	-0.6131409343256575
-0.1996387589043227	-0.6101483691730896
-0.19725040040250263	-0.6081394845121463
-0.19432805502691108	-0.6059310413182366
-0.19104426248297246	-0.6036847342984493
-0.18839121273084247	-0.6009585028473244
-0.18683318880694788	-0.5979100786557526
-0.1856472203783901	-0.5949651370647793
-0.18452589007742848	-0.5923239352544172
-0.18347983253397881	-0.5901459775559816
-0.18189870824928756	-0.5885611470343907
-0.17944752845432355	-0.5877876450510355
-0.17649693951932166	-0.5872196881100954
-0.17295106238691993	-0.5863322207306118
-0.16977859000813833	-0.5850974048082244
-0.16764687080359986	-0.5832927964377923
-0.1665992475827327	-0.5813188669863969
-0.16735409338162732	-0.5792094042241376
-0.16893758145701376	-0.5772064657870699
-0.17087266557011072	-0.5753691671547485
-0.17328543439132327	-0.5750381274791874
-0.17665011337915137	-0.577772863105195
-0.18030498580684906	-0.582620916641489
-0.1830653685184549	-0.5887417984572818
-0.18503664926365415	-0.594117828697879
-0.18733138973365326	-0.5964567244291374
-0.1905072470027851	-0.5983988390903865
-0.19472478829636097	-0.602468926975757
-0.20080873030463842	-0.6072843205194378
-0.20764048857488016	-0.6117615132905699
-0.2134882991896867	-0.6161549280532891
-0.21877375941704935	-0.620604039251476
-0.2237442556037914	-0.6253139727090623
-0.22765673158229527	-0.6304285607197171
-0.2312436898338328	-0.6349327860412335
-0.23542420269135889	-0.6380352417741089
-0.23962758486190472	-0.6405615813907949
-0.24327759192380016	-0.6429305318813976
-0.24605878148533344	-0.645326751734924
-0.248222627211657	-0.6480111908387294
-0.24983237919359036	-0.6504465373104198
-0.25093735104842096	-0.6522402790693445
-0.2513710889710863	-0.6537741759876758
-0.2508346943065458	-0.6553008286449332
-0.24920400105873597	-0.656271760672814
-0.24667781076598327	-0.6560708070351244
-0.24363898783122284	-0.6553902452677898
-0.24077352690314524	-0.6545954220461163
-0.23879615918396646	-0.6540627391483544
-0.23822666699275574	-0.6541946527997173
-0.23865688793822426	-0.6545404500756142
-0.23921837106103871	-0.6553914263961008
-0.23828871853888156	-0.657047025295604
-0.23507566567959715	-0.6596644648955483
-0.2310212940794616	-0.661102572033199
-0.227881458575095	-0.6588513632028847
-0.22658223372631903	-0.6532622363931171
-0.2259421212571766	-0.6456207975711754
-0.22318303653413718	-0.6385505598962314
-0.21789280801963895	-0.633204449739282
-0.21159843140783186	-0.6281153370108997
-0.20671617852097324	-0.6221138295269163
-0.2055897272964866	-0.6158557570843906
-0.20639189690147042	-0.6110997617769218
-0.20750492366990825	-0.6073885215735833
-0.20786918750164896	-0.6040890110422767
-0.20601943213300333	-0.6012317467955081
-0.20305141362651669	-0.5980326503828992
-0.19998825667715803	-0.5948446094613147
-0.19700169341563423	-0.5918506115374003
-0.1936880887151351	-0.589427342485971
-0.19028154346711457	-0.5876266217614805
-0.1869607880490487	-0.5863088565328847
-0.18363763185244708	-0.5852939824959287
-0.17951123895238852	-0.5845624174695994
-0.17480538645182953	-0.5836502514112499
-0.17053430797872693	-0.5823765079281736
-0.16677506341918247	-0.5809501698479889
-0.16371421968374467	-0.579444179829127
-0.16258834893651386	-0.576885989107166
-0.16290547145206635	-0.5736260536618067
-0.16435206730477692	-0.5701594574061328
-0.16622542520484007	-0.567529303055297
-0.16962362273577491	-0.5661694117470244
-0.17595764757026988	-0.567650875331889
-0.18435692481884902	-0.5743653217658319
-0.19293980106620578	-0.581958714321418
-0.20071722997538344	-0.5855294363204592
-0.20717979498773298	-0.5869142056249288
-0.21343433543396684	-0.5873643702119997
-0.22042983391448256	-0.5892402545663198
-0.2268470246781873	-0.59498092935996
-0.2324064998838139	-0.600919692896807
-0.2369320142620217	-0.6042037290728468
-0.2379171576837099	-0.6071194586996946
-0.23551655972418029	-0.6108870468266241
-0.23218391536098282	-0.6151507706942237
-0.22867595279879316	-0.620181729458211
-0.22528398589427057	-0.6247404802090286
-0.22159517151389507	-0.6275055344632654
-0.21836809595474527	-0.6298653556323923
-0.2169274111642966	-0.6329951665746978
-0.2147662797949882	-0.6368065250978013
-0.21097030479978712	-0.6407539713769108
-0.2073184864918886	-0.6442929756839992
-0.20359277151640925	-0.6471004542121206
-0.19913818429908287	-0.649776475305481
-0.1940982632436336	-0.6525078661488091
-0.1888567266279082	-0.6546441393741415
-0.1831338786289825	-0.6556593216998636
-0.1773132472861545	-0.656337625013276
-0.17186757646166306	-0.6575322736692151
-0.16678490412273533	-0.6588165082951005
-0.16159298111796255	-0.6598809923641069
-0.1571392382265127	-0.6610960993093288
-0.15403144961541126	-0.6629513922574268
-0.15183489138651007	-0.6648826108456369
-0.14941527378306685	-0.6667484073607309
-0.14632913756597787	-0.6687532877157218
-0.1427225928213526	-0.6710459934230008
-0.13762198208745838	-0.6722700888146851
-0.1312047449333369	-0.6697389932338594
-0.12660576537636153	-0.6647579082098825
-0.1257354162157566	-0.6593745940569614
-0.12287955525232122	-0.6548324454849709
-0.11570431422448044	-0.651110222452449
-0.10617853860796622	-0.6474212705425393
-0.09591752907918637	-0.642438611526172
-0.08837227856925833	-0.6375245490821093
-0.08547491282635905	-0.6343217868963955
-0.0850298816853605	-0.6326725410072815
-0.0858784001467479	-0.6331435539683727
-0.08488880023007564	-0.6335739856119744
-0.07971354333241808	-0.630881904754188
-0.07359728381999443	-0.6278724737435687
-0.06907533033518641	-0.6267727586518692
-0.06506590061471533	-0.6265995124135173
-0.0616222837817406	-0.6274075459574813
-0.057403207024873865	-0.6283683276778884
-0.05099740816754321	-0.6278274262495187
-0.043821374985355196	-0.6271887486265642
-0.03681086260086789	-0.6275959208253314
-0.02933844753695783	-0.6285946919504055
-0.02137830370845701	-0.6301609414955105
-0.012311571242322294	-0.6318918766999593
-0.0014667065077313343	-0.6329170296651252
0.011151462336986717	-0.63375692367759
0.024651278867454732	-0.634960799888343
0.037985403978177165	-0.6359815027280566
0.051787746016060135	-0.6359906539203761
0.06621751624553379	-0.6350201813768483
0.0816779198479742	-0.6326934649925776
0.09913690875488985	-0.6300966801081034
0.11708506630416661	-0.6284188493583873
0.134489899935834	-0.627076545489881
0.15196694783696457	-0.6257464882822151
0.1704731149228786	-0.6235403170917926
0.19042528490992708	-0.6190286239345663
0.21006013709512084	-0.613497215572375
0.2287891333491513	-0.6083026940373677
0.24836277277672958	-0.6030690874105489
0.2692216837999041	-0.5977301910165036
0.29005917941862813	-0.5917793820358529
0.31153341496532777	-0.583579445756981
0.3335242361839681	-0.5733513496715559
0.35523251958036295	-0.5611517921809366
0.37570676365359645	-0.5489318711036929
0.39683805620271845	-0.5376701389634099
0.41987826972705466	-0.5246333786213171
0.4432132351110709	-0.5092714252629951
0.4659732477098536	-0.4915429661911106
0.48742056265016975	-0.4709106167229744
0.507919864931168	-0.4484761192713256
0.5271196336867661	-0.4255415624302556
0.5456716986347785	-0.40099451221548665
0.5634424559725116	-0.3746728208489236
0.5802085901912997	-0.3477176853727798
0.5963533195596874	-0.3214425452868979
0.6112705895545301	-0.2944162291694875
0.6244786575105965	-0.26514935341875784
0.6358501326022644	-0.23357693357013898
0.6446982524545629	-0.19856858340886452
0.6516934917224284	-0.16301714259592415
0.6582411243474819	-0.12910108422230704
0.6631991811178152	-0.09548123286192592
0.6656376654524718	-0.06108186187118969
0.6664620180622352	-0.025983248081744223
0.6664749418711753	0.009447122490776477
0.6640336519387703	0.04551812045910057
0.6571388433486975	0.08240353951914005
0.6478289300115533	0.11836652260417514
0.6381047573596481	0.15261286157796428
0.6270712680260004	0.184117858423021
0.6143207991401527	0.21172340532536055
0.6009812574626205	0.23633322491099745
0.5876803358434323	0.25953136285647915
0.5744324685174309	0.28248799998140595
0.5620854551349699	0.3049620601643455
0.5496700186875914	0.3262688998586514
0.5357498594769952	0.3470550892435609
0.5202545134916627	0.36786796607999006
0.503678925622065	0.38795109682448015
0.4862399093145017	0.4072133082171109
0.4681653527667828	0.42541257066459626
0.4499919722690836	0.44241910846906185
0.43224625559951535	0.4585329793474766
0.41523637068421254	0.47357167023894103
0.3990712533451653	0.4878202155867236
0.3832575521127009	0.5008986751394148
0.36789151047694435	0.5120374495455462
0.3532514666318992	0.5222437870947158
0.338700773062101	0.5327614797333562
0.324366928494907	0.5430405803367611
0.311068049963566	0.5522368429959706
0.29908903734092135	0.5604915029802011
0.2877939226342997	0.568217098697222
0.27762463382900693	0.5751982258189974
0.268284960271159	0.5815455842803386
0.25919222477717874	0.5878818822458836
0.24994959705960518	0.5948710523206839
0.2404974374200328	0.602049351284264
0.23129804534280138	0.6090102113625149
0.22178400963622003	0.6144081072252296
0.21170029856327516	0.6164071410213885
0.20235109361007017	0.6164784440187766
0.19448175815055696	0.6160938681312564
0.18871993058069503	0.6156777656594572
0.1852572709243938	0.6159031686909383
0.18270951903026494	0.6161994093579926
0.179959477089559	0.6162801349337805
0.17650553386722811	0.6169449922176076
0.17364076169015288	0.6181385357508827
0.17250487663038466	0.6191365092657526
0.17260190350125068	0.6199727922009503
0.17285159647837722	0.6212516550155371
0.17311644704843532	0.623033228615054
0.17338601286392216	0.6249900405560552
0.173973057158894	0.6267379879927977
0.17524746761430063	0.6282979777767046
0.17706287495273823	0.6299492981403437
0.17972491772111346	0.6320788393838223
0.1833576099430808	0.6350184741953193
0.18849651635457385	0.6380168333153056
0.1942673611713088	0.6407728936329857
0.1999867574544936	0.643478025507149
0.20558908668550965	0.6460847140456643
0.21038046007542807	0.6486572027057351
0.21387945584445947	0.6510038595965599
0.21691549844373967	0.6526318518879002
0.21937620126048868	0.6533308083151558
0.22194169629481347	0.6533757622251093
0.2253020825089582	0.6531584755323903
0.22848046805055533	0.6527611230207759
0.23011918386099617	0.652384045078762
0.23120357089697735	0.6520152463058478
0.23255584313637917	0.6517973280247393
0.23295348531556548	0.65211772766708
0.2321996343997807	0.6528410760252595
0.23077994622689296	0.6538032188510738
0.22857201155407175	0.6551343197559281
0.22501455416873167	0.6571417617762438
0.22094764514224294	0.6592178640738109
0.21729096442420448	0.6611029081392265
0.21493444900062625	0.6627745639800624
0.21413632399962984	0.6642218548586891
0.2143573495504802	0.6656225628662296
0.2142450276687642	0.6667157933717485
0.21271492052729107	0.6674962496707382
0.20993705126547874	0.6676167793942123
0.20739787542265786	0.6660286836916685
0.205911095814715	0.661948958107802
0.20496484341130583	0.6549172505690897
0.20423717835082528	0.6470007859279377
0.20248844247619097	0.6404675669064155
0.19821357588215627	0.6350208387473435
0.19199459777915473	0.6293699283965428
0.18588477692766492	0.622187603218636
0.18261077529181952	0.6122271680032723
0.18247189969147692	0.6021256995708284
0.18336240709841128	0.5950374419850716
0.18396526697508142	0.5906137953664785
0.18369120934946542	0.5885531570639816
0.18239941977478646	0.5876498272967696
0.18121281129364564	0.5867181845731806
0.18041112559729877	0.585817049892699
0.1796944117233762	0.5845839229286534
0.1789986542817792	0.5832679416407514
0.1785406496890194	0.5820776351486788
0.17745209735007306	0.5815000032504547
0.17587599392749187	0.5815050441499138
0.17418918460017008	0.5817967235917837
0.1722610143142692	0.5823166188063627
0.17073777384702626	0.5825308240693603
0.16997408778243261	0.5815914329711735
0.1700006360460764	0.5799014483357405
0.17143011367287597	0.5775115290404779
0.17399924569685377	0.5753256377243348
0.17703444377913968	0.5745481191638829
0.1802309503173669	0.5746220992658118
0.18277379727151788	0.5749695260313701
0.18512647714236508	0.5767383138062401
0.18792406965734643	0.5814404797919084
0.19013737096963923	0.5876767152845037
0.19084578221474002	0.593989629644433
0.1905600018918785	0.6000998433753802
0.19052113936935688	0.6057689314233594
0.19091869530730632	0.6121200266562542
0.19295291914965662	0.6196173745777882
0.19645080426778572	0.6265671535349666
0.19952216590144123	0.6316175711399759
0.20106852892248694	0.6359908230740718
0.20224453666596687	0.640439039253039
0.20340691359527718	0.6446258444584474
0.20323566493560086	0.6488988708830479
0.20294033204801365	0.6525717913365813
0.20343293000422302	0.6549085770199263
0.2038593513447915	0.6569096524655866
0.20379575529641647	0.6596646839604838
0.20327205890563604	0.6629694553225947
0.20245617162684337	0.6665225702662219
0.2018684120730745	0.6699092388715174
0.20094682446894474	0.67280419581132
0.19935896031931644	0.6756656556268275
0.19703005974453625	0.679140399047367
0.19432115964586383	0.682676310363088
0.19094021257679517	0.6857808307745338
0.18703169737792114	0.6885043055146092
0.18291504759451938	0.6910141180836396
0.17844974652408485	0.6930292932990629
0.17385030757851805	0.6942018099996428
0.16965584388869392	0.6943245029156959
0.16615041139881037	0.6930729630538376
0.1647798980070434	0.6912663514611704
0.16594314706601576	0.6902984851014492
0.1677289884853701	0.6895958811183744
0.1687882303119066	0.6884177223425632
0.1684525344789316	0.6861474994177932
0.1671001873380633	0.6819232369343453
0.16617486745847398	0.6754531862363833
0.16551025919778306	0.6667504054368896
0.16369773594564307	0.657631225561703
0.16038758967477662	0.6494613541803286
0.15608395762354377	0.6412061173834727
0.15290649522919209	0.6313752428809103
0.1513722579484411	0.6218085588130129
0.15025701724085616	0.6151763902739432
0.14987731508055013	0.6108256312854723
0.1490469707428974	0.6080670905493415
0.1469959167961412	0.6057836864584224
0.14456075238485244	0.6028280208871807
0.14193224127999127	0.5998931591984682
0.13950177516188944	0.5975222077654003
0.13735707013633958	0.5955729586067255
0.13588630730383855	0.5935931118407913
0.13475446356701326	0.591552692787485
0.1336402355724089	0.5898840400844548
0.13180759613083337	0.5890633577812339
0.12910283191845195	0.5892057760755289
0.12646526284251758	0.5892440675815696
0.12435308308405402	0.5881235356481633
0.12349156318174304	0.5862025679424827
0.12408989692679162	0.583885736008608
0.12549748310062103	0.5821051989412969
0.12766288286746574	0.5814141670988708
0.1302152394274323	0.5821206040352601
0.13343095794188153	0.5849082584810077
0.13819831159476959	0.5903238413007506
0.14327751863085414	0.5995641727559557
0.14834717893069982	0.6086308013572299
0.15371149265243034	0.6133344100040576
0.15924072610829532	0.616594099915502
0.16581631453303824	0.6210685207638009
0.17451745948960662	0.626657053114331
0.18301345038674466	0.633651801371742
0.18950576716855583	0.6398130280235674
0.1938635454304407	0.6431865851379119
0.19594504487952946	0.6462208113864187
0.19604377026342545	0.650890378540211
0.1957595992976109	0.6560226300809151
0.19628745358853816	0.6602130089178533
0.19707397055934273	0.6635042429798961
0.19706178793360962	0.6663483963178445
0.1961808477483391	0.6694107910261646
0.1947080976073794	0.6728053842610173
0.19302754744323192	0.6756864953522363
0.19112102156765598	0.6774601615127218
0.18908328241166972	0.6786378692949675
0.18678514904064292	0.6795073970520105
0.18429650905980877	0.6801202179261648
0.1812994408303048	0.6807432060005864
0.1777583015918438	0.6813766353144428
0.17413908005260037	0.6817392481808353
0.17001638740777336	0.6818572192457573
0.16544238290454727	0.6813991642480197
0.16220225759374296	0.6805522718361094
0.16056060371081227	0.6798084141720098
0.1594312041342385	0.6794706599420202
0.1576599528751581	0.6800431075262492
0.15404845680997958	0.6805429364175483
0.1491975091753095	0.6797443085873476
0.14647463536421723	0.6764358306687183
0.14913857429408406	0.6691545219956431
0.15306801640397172	0.6594549724847983
0.15207811874009947	0.6490351495989263
0.14802727264515214	0.6400209007324625
0.14495904567515172	0.6336396518461266
0.1439792492558425	0.6280401115871154
0.1438735072427857	0.6227556599942734
0.14434407431341878	0.618021587300482
0.1454250001733639	0.6144817920944472
0.1445549179800114	0.610835162071703
0.1394359855698477	0.6056340650445013
0.13248741394949093	0.5997319570877999
0.1249854846804217	0.5936408599815678
0.11814076778533078	0.587844923773291
0.11371547304311669	0.583577920297004
0.11088737939592708	0.5800699945783172
0.10924929929799454	0.5774983657817274
0.10839291870544177	0.5757507044539867
0.10811724519318044	0.5751787025043305
0.10811002032599504	0.5751308634444748
0.10810973881302832	0.5753183021727315
0.10803416145803002	0.5746313697518899
0.10629659511889056	0.5715165468625576
0.10547669974280094	0.5684490847649536
0.10921307690511028	0.5678765895575126
0.11287675763588023	0.5668388757316554
0.11257249094452693	0.5619801665892017
0.11289531914444595	0.5576847944238403
0.1178943291788288	0.5571483694116178
0.12534146983559502	0.559733365775668
0.13278004785400288	0.5669964903801487
0.1384148189562877	0.5750043090014841
0.14211536143788983	0.5793243783241577
0.14412362727414418	0.5806056070619028
0.14330861836332165	0.5778620954720801
0.14430348536840043	0.5764733101178138
0.1492110761321772	0.5823348224187289
0.15411298531494744	0.5900398612488084
0.1591375627875724	0.5951295607149956
0.16327902601771793	0.5986666125186623
0.16491511294534256	0.6013760029518759
0.1649679489811211	0.6037834117845904
0.1648998857857933	0.604485026547726
0.16478336574375074	0.6032169762305775
0.16446760492829515	0.601179182185551
0.16451332176038935	0.6010098376182417
0.16542093394851065	0.6049664042333989
0.16597849727125258	0.610321333742781
0.16641910931550452	0.6152787700291587
0.16781575053754416	0.6190675260443386
0.16965069961807977	0.621768688062426
0.1712353863864804	0.6249443206060723
0.17226923916850545	0.6329404443273444
0.17138177178923453	0.6384320813122129
0.16733005282728453	0.633486933367684
0.16305533162935415	0.6255396012671617
0.16151786079910213	0.623560727182096
0.16051562199819358	0.6233828884368833
0.15982854348931408	0.6229825138649101
0.15967644373837953	0.6229367458346299
0.1599762359362158	0.62342460114828
0.15973833116414493	0.6225290261653849
0.1572566893870757	0.6202858667884292
0.1533675174886433	0.6173097883715895
0.14919293297654512	0.6131007193826417
0.14768149543838938	0.6082621435908083
0.14925821710770482	0.6066548959948777
0.15054069737647602	0.6083800046879427
0.1487089888255939	0.613370148154914
0.14443025718019786	0.6194242461023733
0.1392296155890902	0.6247184819276744
0.13357704396915704	0.6281338598381482
0.12840089190812431	0.627020033642183
0.1263443860578315	0.6245436747498978
0.12594728432498226	0.6242707220674028
0.12590862231976452	0.6250106546247565
0.12630152897982505	0.626332590118574
0.1268839527269252	0.6270344936083636
0.1260786052704166	0.6265140053945564
0.12301564064810044	0.6257996163663212
0.11921639005805762	0.6237794840332671
0.11669802313715305	0.6211468094194983
0.11455146824175344	0.6204589532449137
0.11078873090578423	0.6216792104815474
0.10777212479862541	0.6232222699638845
0.1057832859284149	0.6232302233246698
0.10309137603012175	0.6196353772116854
0.09972147214095806	0.6157623699312424
0.09702784776452233	0.6142579893863827
0.0945618416206484	0.6133611008605346
0.09080341790793334	0.6116823097168925
0.08668914959954588	0.6106883132735135
0.08425726286511548	0.6114625020126792
0.08183167506405287	0.6132664126926353
0.07997001417375138	0.6160273977680382
0.07852422449316876	0.6181540604533415
0.07405894381690903	0.6176483410990814
0.06840769160731064	0.6161567598040143
0.06328192927581888	0.6147774570274283
0.05774831459662799	0.6133483610242274
0.05119867022273805	0.612191181847815
0.0436096802341579	0.61052449400904
0.03471918772148985	0.6073608430599181
0.027177782339792067	0.6037458658177159
0.02254248533070502	0.6003657592463977
0.0184956787673336	0.5977442335666117
0.012619969639666273	0.5969301182795101
0.007195565768979506	0.5964812084820708
0.002940782293298305	0.5947345249162199
-0.0009971255579861449	0.5925098194670181
-0.005653688023714132	0.5908069240053069
-0.010586493757126725	0.5883882573857533
-0.015623785983419403	0.5830406005506492
-0.01978680775291064	0.5776764883028558
-0.022580670271977965	0.5755366105340474
-0.024073165714584732	0.5739319278508821
-0.02285719776083095	0.5706606494761128
-0.021446170001166998	0.5673002619936869
-0.022009963917798636	0.5647963782377502
-0.023806635750449168	0.5631585501207359
-0.026146867137069485	0.5629212026484502
-0.027976531867653698	0.5637360551494303
-0.02788643946872682	0.5658190382441438
-0.027398553800876968	0.5676366018932668
-0.026488898831205532	0.5678258564542039
-0.0261685032999166	0.5666170814212531
-0.028327688255271433	0.5631126228105827
-0.03080011888579559	0.5592896333537605
-0.03186423838685837	0.5565597866584345
