-3.523938491323264e-05	0.6741131091758604
0.06808073825324794	0.6590121354739846
0.0698309862048885	0.6605213470942429
0.07622904273008607	0.6643336526409158
0.08160592485843822	0.6673907595536497
0.0793796121631458	0.6662544605964189
0.07485153745552722	0.6640943737483651
0.07188502696958463	0.6630507999169453
0.07030091026730989	0.6627540400394981
0.07123734132813714	0.6638716204991426
0.07302886117668622	0.6654230664999758
0.0752420524763405	0.6667165274009794
0.07733253821408789	0.6675872427663144
0.07790521793107641	0.6673496440902185
0.07826880971690753	0.6667950249884829
0.07908801167381373	0.6666499459700892
0.07961130796332633	0.6668216320236806
0.07956177122586341	0.6672777640144083
0.07973247247664748	0.6680906905917163
0.08115043987341299	0.6694444442164761
0.08322247814341419	0.6711367453727687
0.0854156661988037	0.6730519659407876
0.08693951026038224	0.6753112426122021
0.08766464964163681	0.6777601921630334
0.08912382107948966	0.6803959407581929
0.09271912486437833	0.6835831221219861
0.09603025263571982	0.6863008116627937
0.09697773654369435	0.6872490887590276
0.09749959999356544	0.6879251522682781
0.09905202163175392	0.689544764324463
0.10076760502854215	0.6910618992560764
0.10193545218499651	0.691572340853676
0.10391834928458549	0.6917438491343035
0.1080843049284954	0.6927017891979319
0.11228711538800724	0.6934502149014576
0.11410628160658753	0.6929027076876388
0.11559279030566806	0.6918324160425784
0.11805246040941049	0.6906757442292029
0.1206615385091535	0.6898376231819403
0.12378688768084023	0.690455651299942
0.12603859227149117	0.6907784950182072
0.1248060121215073	0.6885662928538273
0.12347564586257168	0.6866887471720435
0.12675792605163283	0.6879256629949957
0.13095518602659662	0.6888349787463629
0.13102942648456528	0.6869145939639054
0.12944425021484093	0.6848620309061331
0.1295502000932453	0.6841875281082956
0.13071212814067695	0.6837091441347157
0.13194865452746396	0.6827864434260138
0.13330607535488503	0.6820629418589212
0.1339921099838114	0.6821194710137621
0.13402462528266126	0.6827734071141334
0.1357458976950139	0.6839196735588853
0.13708930788437582	0.6844500668200524
0.13444880232430478	0.682739200574867
0.1310897292869695	0.6810944045841096
0.12945402402984052	0.6813241206355326
0.12966932222865382	0.6830947605091183
0.13472148765081535	0.6876342081508324
0.14024526892821762	0.6920471038611479
0.14101255518104253	0.6933711561934894
0.14032259631882177	0.6936374176779987
0.13954818475421613	0.6939913862634866
0.13969008009878783	0.6950271141471205
0.14301704959064027	0.6976983938129171
0.14761152330828342	0.7005494014295711
0.15123520248131483	0.7030025148519383
0.15509846479918185	0.7054287774817058
0.15955205004158435	0.7077659795542522
0.1632627900719251	0.7103857764347923
0.16573567446396212	0.71338560449773
0.16788872404777327	0.716353343673509
0.1700635177976631	0.7194846215041384
0.1717461750321911	0.7219898400098347
0.1733037122700577	0.7230015402826749
0.17408382637159725	0.7227509412102108
0.17120056024130914	0.7207621393595168
0.16836536014247683	0.719001508970124
0.17047608047474583	0.7200862599845899
0.17313054343964054	0.7207703708365627
0.17016424689781623	0.7184818060551994
0.16592503739327208	0.7161478611846972
0.1637808529147522	0.7158820327343892
0.16139259812350662	0.7160797964873831
0.15682350724344915	0.7162252625205622
0.15209827249795943	0.716944699956449
0.14850908397867357	0.7182218088948842
0.14559142702776665	0.7198568269900996
0.1435080209590742	0.7226637236673326
0.14042877662637548	0.7251198706320495
0.13354884948549037	0.724865349961366
0.126663211238244	0.7242035198243687
0.12276880901348511	0.7251629269938955
0.11851759119197608	0.7261752984700717
0.11153590984981415	0.7261470326351827
0.10419464634374054	0.7260353570742449
0.09894096082848675	0.7265799740642571
0.09478073914728724	0.7267349974397016
0.09222876159062898	0.727004130910709
0.08780723613047131	0.7251628197368516
0.07567174608520466	0.717060577433762
0.06342967404755023	0.7080711940293214
0.05743733761782438	0.7038841057309841
0.052648234293753426	0.7010405485651476
0.047652323006010244	0.6982587686322812
0.042398376990754716	0.6955357233820918
0.0350998544912316	0.6916969793188198
0.02813579885148021	0.6866149968612776
0.023244272681280598	0.6798053583133892
0.020082534910254468	0.6721209825636494
0.018376209620962314	0.6639699144695769
0.017881175616022316	0.6568863586597921
0.018918427700317486	0.6535359502030618
0.020141501379622673	0.6520031390491471
0.018871642269394084	0.6499754606859627
0.01685600487600003	0.6478406362376147
0.015360838718432746	0.6454551254882445
0.014481838615863829	0.6425715429281318
0.014415966060689844	0.6387693318302319
0.014566454503994408	0.634803332719521
0.014709536228059372	0.6317348708230426
0.015198412512236303	0.6292664307390035
0.015630965621610482	0.6273088632752262
0.01594166069291969	0.6256389822995246
0.016170338242184945	0.6237273856752604
0.01654065483593059	0.62189766190525
0.016833454666970504	0.6205166388508757
0.016867820261321054	0.6193858122787932
0.017351815210546073	0.6183435878437546
0.01894587374772505	0.6170874169134595
0.022065748493043102	0.6154766815760626
0.025702772026830134	0.6127993838352381
0.027685479983966532	0.607491237833673
0.029251715826021263	0.6025915250162752
0.03309383434532798	0.6001898093917561
0.037960964115991924	0.5994608332034441
0.04272719639657252	0.6014570835171972
0.046352645515993274	0.6057761603935086
0.047884886000412186	0.611169645918098
0.04756866996488607	0.6161544487220765
0.04700047694546239	0.619421212485117
0.04577094271150495	0.6223478978264169
0.044425809352076406	0.6261688386411056
0.04351392725701442	0.6303599753868985
0.04245451961224189	0.6338979672957858
0.041710944192628	0.6369085796333063
0.04260331515986726	0.6396509692960874
0.044463405800234446	0.6439068474069949
0.04728124871266992	0.6516968144986724
0.05089222496040535	0.6614301647758503
0.055402173847402425	0.6712499668099556
0.060953922726311394	0.6795282724067162
0.06709380114138486	0.6852371883567598
0.07336496972537376	0.6893634706395058
0.07945362111742837	0.6926329763166652
0.08507136304304685	0.6950476105660985
0.0905170418542296	0.6969345581439791
0.095880599218932	0.6987501181158351
0.10120079842144913	0.7002643417540828
0.10623935353334524	0.7015212651433282
0.11091420734844748	0.7032449105352853
0.11484707222177315	0.7057366860326486
0.11863175082927624	0.7083144522921621
0.12199809203848067	0.7105646436866493
0.12428245090759238	0.7123332036880461
0.12566362337130887	0.7139467642990304
0.12688007137395685	0.715236838961276
0.1275457003249716	0.7163601181539729
0.12688848639610195	0.7174392442248543
0.1252480310265942	0.7182508259568079
0.12304285351211353	0.718434604595565
0.1200060017545792	0.7184858906091405
0.11614930949233071	0.7183460946146171
0.11237394553385216	0.7181251186562823
0.10907800443875315	0.7183488981499304
0.10639234909442163	0.7188143506541624
0.10462272408300488	0.7188895226517316
0.10351303485054686	0.7184526123737994
0.10194606818898944	0.7174394142882516
0.09847407800392038	0.7162402677674826
0.09342054940310818	0.7148922341959438
0.08900712896565088	0.712517516788679
0.08669271025276948	0.7085020400082409
0.08725818520881568	0.702939720418678
0.09015020523365136	0.696254428397252
0.09403982221569152	0.6895220244359026
0.09833366097240193	0.6833691151903918
0.10194964308891974	0.676999623334418
0.10443941266970747	0.6691212595875737
0.10595650078957863	0.6602640171831595
0.1064576131121533	0.6513403658341921
0.1063004979476263	0.6435132587987861
0.10499322068087569	0.6379125387770431
0.10304256218650432	0.6338269063765514
0.10128814387244356	0.6307260775436789
0.09931166984192652	0.6280756252943995
0.0970878817011478	0.6252054056978574
0.09453564519400137	0.6224148574882651
0.09161742711947118	0.6197586586674227
0.0886019357211425	0.6174196972890538
0.0861198727172865	0.6153030899773025
0.08353082566337688	0.6135063919206887
0.08050156346019666	0.6120861660351378
0.07703114524555321	0.6110353840083929
0.073494039343875	0.6101482988734626
0.07032622063926075	0.6091659429012775
0.06758476412002112	0.6080302051838452
0.06500254609150735	0.606977506946529
0.062420552722599165	0.6058963427628352
0.06047019541336418	0.6050824514119896
0.05992478730922102	0.6050059374913446
0.060268131737263086	0.6050571810601091
0.061687986515921	0.6041918596396387
0.062518914498086	0.602755864532378
0.06319297731616169	0.6009067209095185
0.06508231891382898	0.6002082238371576
0.06694579577218995	0.6025754935022396
0.06840022712810967	0.6076669273233517
0.06940422627736043	0.6151843159863778
0.06838270703941474	0.6226706207072565
0.066498599263491	0.6277695535057222
0.06484403981897824	0.6317636484576281
0.06366564726132262	0.6359390504651887
0.06365035499811	0.639780553410182
0.06412868324382881	0.6426522732701807
0.06558480250885035	0.6453943722140687
0.06810901668202263	0.6491529045279135
0.07117492750449905	0.6547475416751841
0.07520485804133825	0.6628611337674009
0.07999263096196474	0.6713960357219921
0.08484370357198667	0.6787895492970075
0.08934387223533502	0.6843200699786134
0.09346931130302183	0.687003011124697
0.097562126122551	0.6888478612573175
0.10188029426215373	0.6913217766861257
0.10548506858834461	0.694065555902257
0.10875946616738874	0.6970963716539385
0.11252027139405918	0.7000914037848337
0.11658479724985771	0.7027708784702286
0.1206116475218244	0.7052275198851702
0.12490346530890406	0.7073461255696477
0.12879630402839082	0.7091063963376993
0.13162322118381642	0.7105405772796534
0.13286174234686765	0.7115337589995767
0.13326615845204648	0.7115519810582877
0.13291491278594902	0.7110030384952466
0.1311814689022457	0.7101266876210754
0.12828948230415538	0.708988782738103
0.12466558477638578	0.7075569046437304
0.12056599068169849	0.7059598448752255
0.11679151637755902	0.7041897285824915
0.11454707475680825	0.7027160546769826
0.11323886307568465	0.7023621957615828
0.11159575848048409	0.7026045168179241
0.10936888752407148	0.7027809084195354
0.10573382401816822	0.7018152989510997
0.100957981595037	0.698508336084718
0.09709670321323571	0.6931808839346668
0.09448699318760445	0.6866944472309899
0.09261914293668161	0.6795701612361247
0.09059940476739392	0.6716590131113513
0.08774201993595021	0.6622810636974581
0.08489834465537083	0.650646983837434
0.08311434588154976	0.6391241580520648
0.08313469795787931	0.6302757700889687
0.0850238025239638	0.6241406533853084
0.08641974903726313	0.6217756131076391
0.08633830189124936	0.6199741818702142
0.08443021969633158	0.6151436850024092
0.08230332764334447	0.6103179276707065
0.08263386628027725	0.6076541234529395
0.08389681519141234	0.6056755607575623
0.08458021312767272	0.6036807101331612
0.08479518836050293	0.6019277412434397
0.08443339739916578	0.6006814913987897
0.08264752554612098	0.6000138091135381
0.07991066463920138	0.5994277331179176
0.07649648714182522	0.5983591322992763
0.07146459626425727	0.5964866026122992
0.06628921750799588	0.594541540264866
0.06202067106416109	0.5931209290709017
0.058859322903789923	0.5923877129187447
0.05708748077593562	0.5929533397126283
0.05595077361195777	0.5937082766655938
0.054110558231188044	0.5940537288370777
0.051569461040176456	0.5944043108495365
0.04992125209078324	0.5949000596135352
0.048662582622509554	0.5950518538287517
0.04452942552400341	0.5933267916365095
0.04207864035971731	0.5946036270159456
0.04626239093714979	0.6051663131012084
0.05104756717765735	0.6181986049633792
0.05298396412388229	0.6283630591151328
0.05223265595329174	0.6365435797856562
0.04817919963634232	0.6408290908897247
0.0466797850197489	0.646581904748057
0.05305323690154129	0.6605308263825509
0.061246390380151894	0.6742131658105855
0.06535121006083155	0.6803957406301595
0.06845820614256226	0.6848453449560875
0.07225020315833497	0.690852389969975
0.07612073823191068	0.6969666390926895
0.0806189725015356	0.7025349655647175
0.08572673266656672	0.7064684195460809
0.09164443288100088	0.7078807569211978
0.097587944810269	0.7086078073899784
0.10299642249123409	0.7096774224760396
0.10782449519911985	0.7107578762767105
0.11167286629173212	0.7119139770381019
0.11396271887161635	0.7135804871090263
0.11479443536967526	0.7156609951200542
0.11573545681711206	0.717720165436861
0.11861857185523128	0.7191044035211056
0.12119841413342503	0.7198224262159003
0.12127693001088424	0.7201468845671029
0.1194595000420069	0.7216942559737751
0.11675806541976375	0.7257533632807183
0.11374481901478184	0.7276073444397342
0.10691112513962775	0.7229221823122561
0.09813040469800427	0.7178182359003646
0.09074620257826727	0.7173174048390925
0.08830130410326387	0.7176820910914435
0.08547190678059202	0.7177213421283781
0.0819333184152704	0.7183904459564555
0.07863159242752893	0.7213349606752237
0.07390360947509134	0.7223382591754968
0.06642651460011528	0.716130313487552
0.05981025408988572	0.7086723762802624
0.055859129868586876	0.7076288637657491
0.05498072154499489	0.7075078770443703
0.05492438813928313	0.7046582021620698
0.05311572269716791	0.7014758571909404
0.049171991359539646	0.6997200715782862
0.044108574088900454	0.6972830853108728
0.041603794437392594	0.6919638139560377
0.040854689320082294	0.6858306909706763
0.04013601601052308	0.680407877985036
0.04136121893346445	0.676553361015384
0.042969840555505456	0.6757346127278748
0.044069243401299474	0.6751378882818265
0.045585058393072586	0.6717972202005523
0.04658604642912145	0.6674644017439408
0.04717210007969097	0.6644726590765715
0.047874321301368816	0.6627245736995349
0.04889426882251957	0.6627177188187627
0.04996166778207911	0.6622531594726159
0.04897745143900689	0.6595511666261938
0.047212698795925157	0.6565694253706746
0.0468973697843289	0.6543742213225873
0.048391822207695334	0.6513620407241586
0.05089646317444174	0.6460161890855989
0.0548517768394996	0.6391270851330315
0.059403517865344924	0.6300944742916046
0.06322645321853315	0.6211355327201254
0.06753573952384873	0.6168773644255929
0.07170449161973114	0.6167187917615287
0.07567967179097046	0.6216234854167184
0.0782306805866293	0.6240973315834453
0.07761057381105196	0.6183297119439181
0.07519203773271332	0.6106910396671358
0.07106986024737694	0.6065221603199449
0.06807743431256608	0.6044964371225612
0.06961944939725839	0.6061659840064176
0.07346801081699805	0.6091228670859681
0.07775376508262166	0.6113392165539393
0.08194812916390593	0.6134468853079559
0.08584076801012319	0.6156116779195107
0.08883057197002397	0.6178545242765663
0.09057332054212441	0.6202241065121723
0.09096034660752927	0.6221039283414481
0.09005917234951344	0.6228503997229909
0.08897512833960697	0.6229044002614281
0.08859496707364034	0.6222286204452976
0.08806277530456708	0.6205771637979838
0.08525597178793376	0.6191104431808756
0.08106752465867739	0.619448176689615
0.0766996833556517	0.622799614507281
0.07334898010743807	0.6263478354751922
0.07166999304033705	0.629548224190639
0.07075669361238468	0.6323327783249815
0.06954838793969831	0.6341530653297407
0.06741754945917577	0.6351369720358034
0.0645043694351255	0.6352120102055325
0.0608121246967519	0.6342657867948076
0.055901343132343406	0.6314528598297096
0.050670738624728706	0.6290807190971746
0.0467790157610235	0.6306049597453571
0.04611369990776826	0.633988054679471
0.051849217074911635	0.6385222424859793
0.05753162877796658	0.641770382647274
0.05899712121595346	0.6419664910850426
0.05760150268411657	0.6426531824609985
0.052514133550741526	0.6462118987996046
0.04664510394747978	0.6498268705209815
0.042812866424441154	0.6519013726742413
0.04087818165139456	0.6535433743454093
0.04299611280252247	0.6552146725138109
0.04472704220625445	0.6551565281153605
0.042548353576382425	0.6532538550529958
0.03815170265512169	0.6522954320598569
0.032346879707787046	0.6542429460158385
0.023997166881772003	0.6544343979737983
0.014504793597279075	0.6515260933359066
0.007580591375221601	0.6496827858610243
0.007712793026233733	0.6528732558473049
0.005572038369358268	0.6542413963281049
-0.006014981168505962	0.6488582132270835
-0.017952739775163984	0.6445462677677959
-0.02246213356034854	0.6495526861741554
-0.024883356289527647	0.6545980915308987
-0.028467532066708046	0.6516230600621646
-0.03363163239322997	0.6474717274230557
-0.041930456453929565	0.6474689792277557
-0.04967801356564294	0.6479450697227177
-0.05444067439159905	0.6457112247988502
-0.057692064078857186	0.6437140003298909
-0.05959274690323557	0.6443795226121511
-0.06187130350984216	0.6454863964616218
-0.06689974384376107	0.6455096019160796
-0.07175522290743164	0.644932070521656
-0.0745645269949664	0.6430440994034361
-0.0768921705280805	0.6413384966713315
-0.07897686565410034	0.6421853864384153
-0.0807616656305079	0.6431076820572623
-0.08262825467863344	0.6417832146529506
-0.08441310983986128	0.639643110974194
-0.08655153149615202	0.6369980989940114
-0.0889020607775608	0.6346995247205659
-0.0911500278440025	0.6341280614256305
-0.09211821845217649	0.6344022098004216
-0.09272102726219611	0.6331143397923874
-0.08973615239180432	0.6357037168641202
