0.00011503826025455188	0.6761072231900138
0.2285411814173024	-0.6349428305938205
0.22782317834208698	-0.6353941460368893
0.22722173939251003	-0.6350617847676971
0.22568296108583624	-0.6352282382861221
0.22268332093607862	-0.6369107862642012
0.22066177485205243	-0.6385639223541718
0.21704812323066144	-0.640741222606827
0.2125717198596005	-0.6429692309433228
0.20878819369007953	-0.6444336226859977
0.20382621056560113	-0.6457841296676217
0.1984882582978404	-0.6464716102728817
0.19595591809150723	-0.6463066938429809
0.20084689497716435	-0.6450390116610882
0.19295842280059813	-0.6474982601965065
0.1927158912865655	-0.6460888302362282
0.19202487112868358	-0.6445089994748734
0.1910878054394369	-0.6432530905545677
0.1884939175501964	-0.6433659909426369
0.18820712406505452	-0.6452443031102937
0.1887960980602486	-0.6471054655789401
0.19253423853302334	-0.6459800124243932
0.1951303871514335	-0.6450275003246446
0.1991069699578087	-0.6450172944428482
0.20401797774697827	-0.6448881527836017
0.20792250253194977	-0.6443784782748858
0.2092455675019743	-0.6446701135147435
0.21339856938976498	-0.6444257476758111
0.21670985246641167	-0.6446854668946271
0.2191004281209369	-0.6456252672768765
0.22475376976200884	-0.6454098102314175
0.2268661808834136	-0.646006454099844
0.22807903671869664	-0.6464956858264526
0.2306940609909312	-0.646089415859526
0.23280046281384373	-0.644925312701019
0.2371794259177574	-0.6407998353376102
0.2394853793917945	-0.6373977100284378
0.2424409445369434	-0.6361273180081635
0.24151093184488048	-0.6368077066237112
0.2407653710672451	-0.6368075881740631
0.2444298610366764	-0.6344122191320483
0.24066796296731063	-0.6332997589705194
0.23677488742891217	-0.6317541291884894
0.23855814063359104	-0.628652654962353
0.2404769784152998	-0.6255514877868971
0.23792797182646447	-0.6238800200231049
0.23570609169364504	-0.6221354484477786
0.23672527686291445	-0.6197471071773056
0.23757454952550305	-0.6175033792991851
0.2410565004030315	-0.6135631641060513
0.24341508926630256	-0.6102626769686363
0.2438032881258882	-0.6090645873956035
0.24653674776613538	-0.6067976520850564
0.2497710891399635	-0.6027177867951579
0.25423813369704146	-0.5984752597210813
0.257231014802103	-0.5972777745272142
0.2613225770480043	-0.5961452480258879
0.2700446170243078	-0.5925457738841118
0.28038784801183814	-0.5873531387790514
0.28264978584855105	-0.5847771155350574
0.28950362996779755	-0.5784027222445676
0.28975163845610197	-0.572942592835268
0.2866252549859487	-0.5687478762693565
0.27995393025837445	-0.5681881997813018
0.27327883464403757	-0.5689823745013525
0.2719087859931433	-0.5698733817075731
0.2752023947437089	-0.568466532564732
0.2702285815740345	-0.5676352250394967
0.2682104192072641	-0.5645580786770957
0.26891000985198243	-0.5629394035150694
0.27405930479619267	-0.560217204188959
0.27530157465617433	-0.5612333841510402
0.27094561628320946	-0.5660008328012367
0.2749129764279068	-0.5663140331538539
0.2737642217094872	-0.5686405751654511
0.26286928877049287	-0.5736187938066099
0.2593535008940131	-0.574850074557762
0.2560420075708363	-0.5788329675515274
0.25214561771067023	-0.5839875223819591
0.24695313722108603	-0.5892303145625919
0.24108514240279488	-0.5949193370245025
0.23516582273684805	-0.6016228713220322
0.22831233136016338	-0.6085284851214666
0.22200163665088035	-0.6138202262184658
0.21747511988513013	-0.6175993077347453
0.21026781096761638	-0.6217615578456064
0.2050586104139367	-0.6250980568560547
0.19508294742197307	-0.6308771755738594
0.18922737835494163	-0.6351928843244221
0.18050437228930338	-0.6395856736534747
0.17066255542644426	-0.6440406011921874
0.16076047575052077	-0.6485145903417113
0.15435469562951099	-0.6518281513666307
0.14695286862210621	-0.6548616561038982
0.14256961729683026	-0.6566505932183191
0.1363577144260688	-0.657761327397975
0.13636904620737877	-0.6576521910834885
0.13602969873237436	-0.65880406640315
0.13933230363388494	-0.6600940119685361
0.14141989285656686	-0.6629041458168876
0.1512848592372964	-0.6646214077918648
0.15888600109151962	-0.6672036351459015
0.16442221361374365	-0.6698143422994405
0.16801375044213707	-0.6709457629857163
0.16551599735370504	-0.6724062405051645
0.16733693692001061	-0.6718958486152158
0.16838980176966745	-0.6716357143305215
0.16615709963487624	-0.673480777993654
0.16547925953501474	-0.6749286574487815
0.16876225938450684	-0.6746121574831969
0.1736296745365835	-0.6729553610784145
0.17611684578446063	-0.6697931713440269
0.1797406171438145	-0.6659170136235113
0.18242517607858755	-0.6641235998646532
0.18555677811152949	-0.6618566949551086
0.18537779878051985	-0.6597380863048783
0.18738633375316294	-0.6567494039027157
0.1929450086218325	-0.6529243759183505
0.19897982635076072	-0.6485939972125178
0.19669896522306596	-0.6453985320228384
0.19857036749795975	-0.6413631764804144
0.19827940678941847	-0.6408325540824709
0.20342954568926608	-0.63844228076038
0.21186984793329344	-0.6320830486081088
0.21753647846784796	-0.6262486281438618
0.22361132249227778	-0.6216099092305067
0.230291310803449	-0.6177224822786983
0.23625364169591467	-0.615472266169032
0.2401495404444569	-0.6143288055094022
0.24453258842676773	-0.6120230005319114
0.24834401079900914	-0.610433720108951
0.25299546005811546	-0.6100813586359559
0.2574916709631414	-0.6088204250520302
0.25817408577193124	-0.6045157544104465
0.2572798430802288	-0.5999049968136367
0.2523344184707077	-0.598582536736618
0.24615381005719028	-0.5986002585886565
0.24241871706677154	-0.5993116703488696
0.244280333458041	-0.5978847107376655
0.2471839699432956	-0.5941437074422062
0.25059807923321564	-0.5897324804071693
0.255962469738217	-0.5843304110762961
0.25792635943237663	-0.5808542769407705
0.2544034943521427	-0.5810170925843814
0.24771010520041248	-0.583958065071764
0.24614566926484027	-0.5871466786027869
0.2422115521254704	-0.5916089551518104
0.23187801189365276	-0.5965394302339049
0.22881053601087364	-0.5984675654445339
0.22134062761496853	-0.6031289888838209
0.21395826758019743	-0.6086742670496181
0.20685034612177144	-0.6160140109327168
0.20127529025110436	-0.6223992722404588
0.19575496755374244	-0.625839033730273
0.19151069353026307	-0.628292893389332
0.18604286497848355	-0.6325224003266172
0.1821074251255772	-0.6362325634003863
0.17521900363846088	-0.6393506603231844
0.17236796256781473	-0.6414088863166851
0.17127328372816164	-0.6447315098205102
0.16824741863744386	-0.6484930558680312
0.16790783189718228	-0.6496297761889547
0.17054361834099785	-0.6497871955945085
0.16762023149500438	-0.6526745401906111
0.17565223676140596	-0.6527480521456316
0.1779779930716363	-0.6526455643673854
0.18059149825736442	-0.6526622608851809
0.18277638600434942	-0.6550541350487731
0.18615316276688	-0.6574661718865468
0.18452365779024982	-0.6599352874826764
0.19424950406260155	-0.6593464062722628
0.19778303532727248	-0.662431785953377
0.20076983754281574	-0.6650561714796621
0.2040543380216575	-0.6640266848229619
0.2014522158077363	-0.6640817522769419
0.19771949126997912	-0.6659606244498728
0.19371429587107336	-0.6682379710570534
0.18971032054563208	-0.6706852301793441
0.1862449480315762	-0.672368116162898
0.18811214659217068	-0.6706399334106727
0.19204792386310032	-0.667903908296845
0.1971077008075124	-0.6660528051285803
0.19914968506347552	-0.6647904898020524
0.20108818774419301	-0.6615158257515067
0.20118138732945745	-0.6585238272330156
0.20529689935014694	-0.6557260128645555
0.20442830484503816	-0.6543959337835066
0.2075839429973314	-0.6502053408106456
0.21046912479275637	-0.6462926516171709
0.21874602742403582	-0.6427606175476701
0.22581089570171375	-0.6399746388700835
0.23044262682008299	-0.6368844215658636
0.23370493426095518	-0.6340688915296789
0.23773916221300073	-0.6311667093587453
0.2399722723820572	-0.628973185691154
0.2430086484554188	-0.6266377501658666
0.24471084397387077	-0.6248078103513133
0.2503838222476924	-0.6214556223331756
0.25477933141553777	-0.6186368055203153
0.2575699309339621	-0.6167879201477564
0.2609962593267916	-0.6146808238020144
0.2629630530217053	-0.6132101980203019
0.2645413195896973	-0.6118072089114672
0.26724402614110154	-0.6096298754013196
0.2690000961516592	-0.607260085445978
0.27086731624874183	-0.6036536904210663
0.2758327961733622	-0.5984706634022481
0.2797858985093562	-0.594230233389951
0.2884537514140373	-0.5881378144429451
0.29465029654324315	-0.5831339852837462
0.30154174213997553	-0.5776358966951971
0.31087645410642306	-0.5704156056498273
0.31702518403394375	-0.5642569040802203
0.32100361013564527	-0.5580292149606318
0.3239751968639384	-0.5529895809316085
0.3287466169011246	-0.5498905855819171
0.3342712270964201	-0.5470062510472913
0.338631863255916	-0.544025002856718
0.34292997972548545	-0.5409725334421936
0.3474087079373547	-0.5379680273536454
0.3533916095001768	-0.5344133384378524
0.3587665529005726	-0.5313700734805662
0.3629013119616342	-0.5285363283868367
0.36581698486142944	-0.5241345176949085
0.36884582050055315	-0.5206221459599806
0.3753945100447522	-0.5183501856823232
0.38185821274890674	-0.5163265167419523
0.38747169148731686	-0.5114663108155066
0.39262151654435584	-0.5070582118281673
0.4032057476756332	-0.5016193534128293
0.4143821383286346	-0.4959021491113368
0.425596425760542	-0.48753003652887467
0.43536225233289727	-0.4807096207024645
0.4478454812000878	-0.47645942026214755
0.45664903944621216	-0.47480246788459407
0.4658569050062882	-0.46640675619244604
0.47569631597325657	-0.4548805315539375
0.4794739381649915	-0.44833194467787585
0.48824805133417826	-0.43752384478536777
0.49392769648355106	-0.4342180288806683
0.5044304857993236	-0.4268739195707082
0.5111106981753117	-0.4215874276987548
0.5231950843225253	-0.4098831718304825
0.5320386395652603	-0.4022530742100866
0.5424974965998759	-0.39236641129106337
0.5545413718797834	-0.38087899228164174
0.5652600319012953	-0.3687787150662003
0.5731370931986115	-0.3534730404939235
0.5791030372681147	-0.34040695779978847
0.5892356733782513	-0.32848557337424983
0.6000204188218561	-0.3145443816670289
0.6077891147320162	-0.29709542350033746
0.6141306074822364	-0.27986812893200674
0.6218839892228951	-0.26301697293919946
0.6287824552005388	-0.24609375452519605
0.634218949669191	-0.22315074892786438
0.6393256365166318	-0.2014745113729225
0.6485318939681406	-0.18588619859522165
0.6553986496232946	-0.17241359361503977
0.6549462920475095	-0.1493785886035047
0.6512435906467333	-0.131836885103543
0.6529089885858719	-0.11310853133593166
0.6553979672297867	-0.09516913478358835
0.656119907068784	-0.08267325247514429
0.6565915949603021	-0.07350485081360197
0.6581083297562937	-0.06046835397306048
0.6595779299373667	-0.045236857129272307
0.6598921520150398	-0.03155181966107881
0.6602672272858765	-0.01466036522795891
0.6607145064088202	-0.0014470179830248786
0.6609246340086798	0.00664440794554412
0.6612510961935456	0.01696443807041695
0.6605872064034015	0.030559140332805226
0.6579411865648588	0.04073587596631689
0.6549171149529096	0.05047197496515632
0.6529240913307417	0.06136745088501465
0.6509675120292036	0.07395113091508712
0.6480291069861712	0.08253948920474422
0.6455224282195227	0.09270862498534016
0.6444019398209564	0.10320119181111848
0.6447124558542088	0.10898390248235243
0.6461649335983086	0.11960384061244358
0.6469472899973638	0.12906438477190307
0.6433847342961219	0.1377085310614826
0.6390261886401349	0.1490227276004928
0.6373671195101815	0.1580825707785525
0.6373370369149223	0.16391551512272137
0.6363518557780745	0.1768034316962219
0.6367965409607033	0.1826706949865959
0.6371981438137704	0.1893850253112892
0.6363763948871473	0.19929054997164725
0.6357335503318504	0.20645386216330164
0.6331509970094116	0.21869930258646675
0.6317881962376877	0.22616284384920032
0.6308766224691915	0.2331702259219965
0.6281144283943814	0.24264366267414061
0.6251354500885054	0.25043996876849284
0.6196175771886949	0.25851679644903364
0.6151441124348551	0.2641794055709775
0.6135075007277111	0.2682432095765485
0.6136102450427954	0.27257520685236186
0.6162969824738642	0.27476096922059934
0.6190334925209768	0.27791123450237054
0.6211950219110403	0.280818830565809
0.6213641082714219	0.2835859162997965
0.6175994364192174	0.28546347833459934
0.6121703811803947	0.28950356362881463
0.611305050086953	0.28775201612240403
0.6101903969610545	0.28708965056719915
0.6088053712397326	0.28339572258903417
0.6065516609053834	0.28120673870768353
0.6054440367953235	0.27893332563089346
0.6037895160139977	0.277127418264298
0.5988476844460742	0.2784373551844813
0.5940780853745533	0.279392304796514
0.5907602039274016	0.2823315871773996
0.5872634478212255	0.28703528050590865
0.5850710556995979	0.2890841610419288
0.5826863677975371	0.2922860205506187
0.5801990243244308	0.2965908868161834
0.5779112942140658	0.3001557004785246
0.5704745418186432	0.31067098795860504
0.5654846101817821	0.3171187357033495
0.5648641415063	0.3185664526690708
0.5637453442941753	0.3183719523355173
0.5592702689133446	0.31757803666214446
0.5533621500355208	0.3167979471477437
0.5511541393484389	0.30875428903670543
0.5515846965540927	0.2988954424173905
0.5557774207558541	0.29112148816596206
0.5590813143413289	0.2876409550637784
0.5583493469445076	0.28689125399662996
0.5568916196022791	0.2858641455451685
0.5544517165642331	0.2832950300021473
0.5512404649085179	0.2834888034998304
0.5539196310388705	0.2784767373612713
0.5569547783854896	0.27553106785572057
0.562177948296438	0.2688490550876066
0.5656100785607325	0.26638890933803916
0.5713985627247808	0.2598432731042988
0.5760348850702952	0.2548154528981139
0.5794877683745225	0.2474280202755208
0.5818439404739282	0.24231005830229924
0.584858225347122	0.23914754320789133
0.5907449770806714	0.23037771047182676
0.5964261261778292	0.22281946969297017
0.6004697594441248	0.2203401637168172
0.6049535090318345	0.21857422620853995
0.6100699980699176	0.21458705243676857
0.614498909896052	0.2088970002577637
0.6186684879262021	0.20369209228666008
0.6242705874582546	0.19839669088426604
0.6308365920180483	0.1904756797610685
0.634568625583376	0.19044205628632982
0.6391081116016348	0.1860546122527582
0.6431569965295285	0.18080754568062107
0.6458733056489585	0.17776693843880098
0.6463883154132546	0.17906200540841843
0.6471698833777371	0.17939853499228953
0.648597099469252	0.18117021948488166
0.6504089761510627	0.18355871043049055
0.652921959189122	0.18431906895870176
0.655247763274537	0.18843362986654744
0.6600310013811566	0.19258679813759882
0.6633175100932895	0.1974646641043558
0.6606436342078412	0.2018577004376121
0.6575920003724622	0.2042030381729978
0.6598080697091744	0.20080980363126955
0.6628490764576593	0.19687542432879113
0.6654182408906211	0.19201368273124153
0.6673373851799225	0.18756643141688523
0.667573631855805	0.1869386423496553
0.6660276739267195	0.18801114436487554
0.6609166654258338	0.19112749380572946
0.6554358272490193	0.19426597488955455
0.6523020994280229	0.19795164637650053
0.6498684424123962	0.20149060462330803
0.6469184052842012	0.2051525431081389
0.6444032499770342	0.20730962753943905
0.6415231586482317	0.2101421750801542
0.6386409906575956	0.21433995717858956
0.6374033700298884	0.21885041224145985
0.6367224667559901	0.22186295696291136
0.6343053494869597	0.22442582241502906
0.631403311956829	0.22793665063949664
0.6294148240742681	0.23374459104261058
0.628246635973289	0.23753818953107952
0.6251874234321937	0.2425965237092873
0.6229889470926038	0.2451524118483599
0.6210229858428074	0.2493497274637031
0.6206499780194328	0.250543854013924
0.6197902132855813	0.2526515986659854
0.61905314552566	0.25670289003581415
0.6220445543830628	0.2591141998835691
0.6245141920873074	0.2610013660834385
0.6202358320215531	0.26675593632565464
0.6141253950187995	0.2738343539814925
0.6123342393411519	0.27469739568409546
0.6107070036930047	0.27655625114642657
0.6098025797781839	0.2787048401209593
0.6111857440034791	0.27626016865556746
0.6098650608498648	0.27876365814078286
0.6093062673627614	0.2795254911969831
0.6093513331951179	0.2793067306705801
0.609189047688834	0.28022238641024755
0.6105322956679249	0.2801608958530757
0.6104855725906733	0.2818200040326526
0.6097528525856655	0.28077305087091187
0.6076863394922558	0.2781639853021445
0.6006258465201535	0.277907024635041
0.5952569346531966	0.27396565093595227
0.5935195234939812	0.27234011641472966
0.5924466534693495	0.27345021901167677
0.5905374921593509	0.27747257876966813
0.5910204162758896	0.2775044855330395
0.5922734189146839	0.27563710114239326
0.5912893058939401	0.2787370890768539
0.5920617996282127	0.2782953500908132
0.5936109803610821	0.2759450097729026
0.5944977298825131	0.27409001312466597
0.5967228254319057	0.2700244186059293
0.5995088980169623	0.2669379555108007
0.6026973464185996	0.26386908054040736
0.6052018501557423	0.26119028190863114
0.6065517790093624	0.2601081804399832
0.6066073896898025	0.25877290849853285
0.6062364404143885	0.2593989439092632
0.6090618265168537	0.2576078881498116
0.6108788256954787	0.2596546937647046
0.6109296920470992	0.26384378083553983
0.6098809015909357	0.27095262786618957
0.6095679633192974	0.2785554620671369
0.6111999249639606	0.2821340778850181
0.6123687650204008	0.28404804916119364
0.6150416629164388	0.2810278912513233
0.6154398010227959	0.2809248992024935
0.6132360621029926	0.28612932736101104
0.6145552963691339	0.2855580152117172
0.6157133370826928	0.28557301979995176
0.6177711256734719	0.28299615678007184
0.6186072588673381	0.2828727823043815
0.6183216984464313	0.28457763903337785
0.6178665193436563	0.286311400052627
0.6177396012002143	0.2866238947749369
0.6190449081107889	0.28469677172812924
0.6208590813021297	0.2846012533927409
